          Angle         Potential          Series
              0,               0,         1.61897
       0.261799,         126.059,         89.9123
       0.523599,         352.518,         300.045
       0.785398,         550.664,         504.709
         1.0472,         607.401,         584.084
          1.309,         487.236,         492.836
         1.5708,         257.416,         283.047
         1.8326,         54.2956,         77.3637
         2.0944,               0,       -0.814756
        2.35619,         126.059,         94.7005
        2.61799,         352.518,         303.913
        2.87979,         550.209,         503.932
        3.14159,         608.657,          584.74
        3.40339,          500.46,         503.932
        3.66519,         280.397,         303.913
        3.92699,         70.2876,         94.7005
        4.18879,               0,       -0.814756
        4.45059,         106.009,         77.3637
        4.71239,         331.378,         283.047
        4.97419,         540.987,         492.836
        5.23599,          609.33,         584.084
        5.49779,          499.47,         504.709
        5.75959,         273.154,         300.045
        6.02139,         63.2197,         89.9123
        6.28319,               0,         1.61897

          Angle         Potential          Series
              0,               0,         41.3551
       0.261799,         146.086,         114.733
       0.523599,         437.951,         347.843
       0.785398,         637.211,          759.81
         1.0472,         1173.28,         1306.49
          1.309,         1760.42,         1805.92
         1.5708,         2226.31,         1988.51
         1.8326,         2301.32,         1703.43
         2.0944,         1659.46,         1085.94
        2.35619,         1069.24,         471.738
        2.61799,         38.7256,         119.496
        2.87979,         7.00497,          29.049
        3.14159,         103.303,         31.4315
        3.40339,         44.4522,          29.049
        3.66519,        0.747092,         119.496
        3.92699,          144.33,         471.738
        4.18879,         547.794,         1085.94
        4.45059,         1191.63,         1703.43
        4.71239,         1881.67,         1988.51
        4.97419,         2157.74,         1805.92
        5.23599,         1448.84,         1306.49
        5.49779,         877.527,          759.81
        5.75959,         403.563,         347.843
        6.02139,         94.2011,         114.733
        6.28319,               0,         41.3551

          Angle         Potential          Series
       -6.28319,       0.0849367,         3.68577
       -6.02139,          360.69,         286.532
       -5.75959,         1194.42,         926.995
       -5.49779,         2002.82,         1516.51
       -5.23599,         2373.93,         1796.41
       -4.97419,         2180.66,         1738.72
       -4.71239,         1537.04,         1433.65
       -4.45059,         740.703,          1048.3
       -4.18879,          235.34,         806.608
       -3.92699,          285.86,         843.414
       -3.66519,         729.268,         1080.59
       -3.40339,         1202.21,         1318.54
       -3.14159,         1471.42,         1411.85
       -2.87979,         1545.39,         1318.54
       -2.61799,         1518.27,         1080.59
       -2.35619,         1473.95,         843.414
        -2.0944,         1446.45,         806.608
        -1.8326,         1440.23,          1048.3
        -1.5708,         1450.35,         1433.65
         -1.309,         1442.87,         1738.72
        -1.0472,         1369.83,         1796.41
      -0.785398,         1152.07,         1516.51
      -0.523599,         739.444,         926.995
      -0.261799,           240.1,         286.532
              0,               0,         3.68577

          Angle         Potential          Series
       -6.28319,        0.320213,        0.459022
       -6.02139,         81.6296,         74.5073
       -5.75959,         272.614,         255.558
       -5.49779,         463.978,         441.296
       -5.23599,         545.423,         523.682
       -4.97419,         462.404,         452.814
       -4.71239,         259.404,         269.517
       -4.45059,         67.2709,         82.0083
       -4.18879,         0.67247,        0.836818
       -3.92699,         94.2806,          73.752
       -3.66519,         291.715,         258.115
       -3.40339,         477.601,         445.052
       -3.14159,         544.858,         522.983
       -2.87979,         449.761,         445.052
       -2.61799,         245.464,         258.115
       -2.35619,         59.5187,          73.752
        -2.0944,         1.73122,        0.836818
        -1.8326,         102.936,         82.0083
        -1.5708,         301.663,         269.517
         -1.309,         482.239,         452.814
        -1.0472,         544.756,         523.682
      -0.785398,         455.057,         441.296
      -0.523599,         260.548,         255.558
      -0.261799,         73.4481,         74.5073
              0,               0,        0.459022

          Angle         Potential          Series
       -6.28319,       0.0125101,         4.08229
       -6.02139,         39.2739,         73.3771
       -5.75959,         127.782,         238.148
       -5.49779,         181.533,         413.064
       -5.23599,         191.146,         544.478
       -4.97419,         185.106,         627.339
       -4.71239,         214.672,         669.027
       -4.45059,         303.785,         664.668
       -4.18879,         414.222,         606.459
       -3.92699,         475.729,         499.758
       -3.66519,         447.814,         369.467
       -3.40339,         344.188,         258.985
       -3.14159,         228.775,         215.142
       -2.87979,         192.666,         258.985
       -2.61799,         314.183,         369.467
       -2.35619,         572.719,         499.758
        -2.0944,         851.912,         606.459
        -1.8326,         1073.61,         664.668
        -1.5708,         1179.57,         669.027
         -1.309,         1128.53,         627.339
        -1.0472,         940.677,         544.478
      -0.785398,         671.797,         413.064
      -0.523599,         376.248,         238.148
      -0.261799,         115.668,         73.3771
              0,               0,         4.08229

          Angle         Potential          Series
              0,               0,        -6.71125
       0.174533,         53.9254,         51.8183
       0.349066,         206.432,         201.398
       0.523599,         435.781,         390.777
       0.698132,         520.213,         594.603
       0.872665,         752.852,         831.794
         1.0472,         1027.38,         1126.48
        1.22173,         1332.83,         1448.07
        1.39626,         1651.28,         1694.65
         1.5708,          1941.5,         1747.81
        1.74533,         1648.67,         1559.23
        1.91986,         1267.31,         1195.44
         2.0944,         879.174,         800.331
        2.26893,         559.784,          505.26
        2.44346,         347.936,         358.689
        2.61799,         250.189,         324.675
        2.79253,         251.335,         336.531
        2.96706,          323.17,         349.873
        3.14159,           417.8,          353.91
        3.31613,          398.15,         349.873
        3.49066,         372.511,         336.531
        3.66519,         370.487,         324.675
        3.83972,         419.919,         358.689
        4.01426,         551.107,          505.26
        4.18879,         783.469,         800.331
        4.36332,         1106.87,         1195.44
        4.53786,            1476,         1559.23
        4.71239,         1804.11,         1747.81
        4.88692,         1831.62,         1694.65
        5.06145,         1571.43,         1448.07
        5.23599,         1281.28,         1126.48
        5.41052,         1003.38,         831.794
        5.58505,         669.876,         594.603
        5.75959,         399.745,         390.777
        5.93412,         186.505,         201.398
        6.10865,         48.0017,         51.8183
        6.28319,        0.659082,        -6.71125

          Angle         Potential          Series
              0,               0,        -5.77122
       0.174533,               0,         28.2852
       0.349066,         56.3326,         122.534
       0.523599,         150.135,          257.22
       0.698132,         238.338,          409.13
       0.872665,         296.261,         557.252
         1.0472,          323.55,         682.717
        1.22173,         332.146,         767.064
        1.39626,         345.584,         795.043
         1.5708,          383.25,         762.667
        1.74533,         454.023,          683.51
        1.91986,         549.062,         585.128
         2.0944,         648.935,         495.234
        2.26893,         727.182,         427.162
        2.44346,         757.386,         376.268
        2.61799,         717.525,         330.185
        2.79253,         604.698,         283.804
        2.96706,         431.878,         245.688
        3.14159,         232.977,         230.592
        3.31613,          49.235,         245.688
        3.49066,               0,         283.804
        3.66519,               0,         330.185
        3.83972,               0,         376.268
        4.01426,          111.52,         427.162
        4.18879,          373.12,         495.234
        4.36332,          677.49,         585.128
        4.53786,         964.327,          683.51
        4.71239,          1175.7,         762.667
        4.88692,         1271.19,         795.043
        5.06145,         1236.96,         767.064
        5.23599,         1090.93,         682.717
        5.41052,         867.682,         557.252
        5.58505,         602.629,          409.13
        5.75959,         360.495,          257.22
        5.93412,         185.031,         122.534
        6.10865,         67.1066,         28.2852
        6.28319,               0,        -5.77122

          Angle         Potential          Series
              0,               0,         11.1591
       0.261799,         207.901,         224.291
       0.523599,         718.828,         789.816
       0.785398,         1273.05,         1525.25
         1.0472,         1632.96,          2181.7
          1.309,         1723.33,          2476.3
         1.5708,         1652.63,         2256.74
         1.8326,         1603.68,          1706.9
         2.0944,          1696.9,         1238.49
        2.35619,         1866.92,         1084.55
        2.61799,         1905.55,         1123.24
        2.87979,         1663.88,            1153
        3.14159,         1193.71,         1149.47
        3.40339,         724.393,            1153
        3.66519,         484.766,         1123.24
        3.92699,         335.985,         1084.55
        4.18879,         910.063,         1238.49
        4.45059,         1954.72,          1706.9
        4.71239,         3046.38,         2256.74
        4.97419,         3423.18,          2476.3
        5.23599,         2924.64,          2181.7
        5.49779,         1911.48,         1525.25
        5.75959,         902.805,         789.816
        6.02139,         285.156,         224.291
        6.28319,               0,         11.1591

          Angle         Potential          Series
       -6.28319,       0.0144853,        -2.16285
       -6.02139,         94.7529,         78.6653
       -5.75959,         428.623,          317.92
       -5.49779,         1006.67,         690.002
       -5.23599,         1705.36,         1125.43
       -4.97419,         2342.48,         1521.65
       -4.71239,         2766.09,         1782.55
       -4.45059,         2873.62,         1855.94
       -4.18879,         2649.29,         1752.34
       -3.92699,          2242.2,         1540.55
       -3.66519,         1804.14,         1316.08
       -3.40339,         1421.22,         1156.85
       -3.14159,         1143.64,         1100.84
       -2.87979,         990.127,         1156.85
       -2.61799,         943.758,         1316.08
       -2.35619,         962.757,         1540.55
        -2.0944,         997.006,         1752.34
        -1.8326,         1001.35,         1855.94
        -1.5708,         945.431,         1782.55
         -1.309,           822.1,         1521.65
        -1.0472,         643.548,         1125.43
      -0.785398,         433.691,         690.002
      -0.523599,         228.814,          317.92
      -0.261799,         68.5263,         78.6653
              0,               0,        -2.16285

          Angle         Potential          Series
              0,               0,        0.851196
       0.174533,         38.1889,         60.9668
       0.349066,          155.46,         226.255
       0.523599,         303.544,          457.68
       0.698132,          450.36,         707.097
       0.872665,         582.932,         932.773
         1.0472,         696.822,         1108.42
        1.22173,         789.583,          1223.8
        1.39626,         858.217,         1280.08
         1.5708,         900.483,         1284.64
        1.74533,         917.338,         1247.91
        1.91986,         911.042,         1181.98
         2.0944,          886.58,          1099.3
        2.26893,         850.814,         1011.02
        2.44346,         810.902,          925.89
        2.61799,         774.579,         850.559
        2.79253,         749.519,         790.742
        2.96706,         742.811,         751.884
        3.14159,         759.595,         738.357
        3.31613,         803.347,         751.884
        3.49066,         874.755,         790.742
        3.66519,         972.378,         850.559
        3.83972,         1092.45,          925.89
        4.01426,         1228.89,         1011.02
        4.18879,         1374.07,          1099.3
        4.36332,         1517.88,         1181.98
        4.53786,         1646.22,         1247.91
        4.71239,         1739.27,         1284.64
        4.88692,         1775.11,         1280.08
        5.06145,         1727.57,          1223.8
        5.23599,         1580.81,         1108.42
        5.41052,         1332.01,         932.773
        5.58505,         1002.82,         707.097
        5.75959,         639.321,          457.68
        5.93412,         310.842,         226.255
        6.10865,         86.4106,         60.9668
        6.28319,               0,        0.851196

          Angle         Potential          Series
              0,               0,        -12.6327
       0.174533,         110.729,         86.8142
       0.349066,         531.275,         389.675
       0.523599,         1333.07,         884.515
       0.698132,         2422.74,          1497.3
       0.872665,         3499.98,         2080.17
         1.0472,         4174.47,         2464.43
        1.22173,         4214.17,         2547.23
        1.39626,         3735.19,         2346.53
         1.5708,         3023.19,         1981.69
        1.74533,         2290.61,         1596.74
        1.91986,         1658.06,         1285.82
         2.0944,         1207.48,         1070.47
        2.26893,         961.798,         929.333
        2.44346,          867.19,         840.033
        2.61799,         846.266,         795.112
        2.79253,         844.424,         789.087
        2.96706,         836.546,         803.459
        3.14159,          818.72,         812.388
        3.31613,         802.389,         803.459
        3.49066,           800.6,         789.087
        3.66519,         820.325,         795.112
        3.83972,          860.14,         840.033
        4.01426,         912.001,         929.333
        4.18879,         964.775,         1070.47
        4.36332,         1009.02,         1285.82
        4.53786,         1038.64,         1596.74
        4.71239,         1049.76,         1981.69
        4.88692,          1038.8,         2346.53
        5.06145,           999.8,         2547.23
        5.23599,         925.314,         2464.43
        5.41052,         808.551,         2080.17
        5.58505,         648.554,          1497.3
        5.75959,         455.754,         884.515
        5.93412,         252.804,         389.675
        6.10865,          79.493,         86.8142
        6.28319,               0,        -12.6327

          Angle         Potential          Series
       -5.23599,         288.952,         413.435
       -4.71239,          465.27,          342.67
       -4.18879,         525.701,         424.813
       -3.66519,         474.568,         368.837
       -3.14159,         409.148,         400.092
       -2.61799,         373.146,         368.837
        -2.0944,         346.159,         424.813
        -1.5708,         325.749,          342.67
        -1.0472,          268.34,         413.435
      -0.523599,         117.671,         69.0007
              0,               0,         22.4163
       0.523599,          80.399,         69.0007
         1.0472,         289.915,         413.435


Eq fraction matrix:
{
 -1.6578e+027            1            0
            0 -3.0953e-011            1
            1            1            1
}
inverse of Eq fraction matrix:
{
 -6.0322e-028 -6.0322e-028  6.0322e-028
  6.0322e-028           -1            1
  1.8672e-038            1  3.0953e-011
}
Equilibrium Fraction for CH3OCH2 = 6.03217e-28
Equilibrium Fraction for IM1 = 1
Equilibrium Fraction for IM2 = 3.09535e-11

Bartis Widom eigenvalue/eigenvector analysis

Number of sinks in this system: 3

There should be 3 chemically significant eigenvalues (CSEs)
row 572 of the U*U^(-1) matrix does not equal unity. It sums to 1.925696e+08

Y_matrix:
{
 -3.304320e-009  9.565359e-014  1.942349e-016
 -1.451224e-015  7.181848e-027  1.410433e-029
 -1.835923e-016  6.690769e-028  9.808724e-031
}

Z_matrix: {
-2.456047e-14	7.912343e-26	2.145019e-29	
8.552528e-16	-5.621244e-06	1.000000e+00	
1.792351e-17	5.563585e-06	3.127427e-11	
}

Z_matrix^(-1):
{
-4.071583e+13	8.552528e-16	5.790468e-07	
1.311691e+02	-5.621244e-06	1.797402e+05	
3.555966e-02	1.000000e+00	1.010364e+00	
}

Z_matrix * Z_matrix^(-1) [Identity matrix]:
{
1.000000e+00	2.666683e-93	-4.074546e-85	
0.000000e+00	1.000000e+00	-5.341257e-65	
-5.065321e-68	2.210859e-75	1.000000e+00	
}

Kr matrix:
{
-1.379618e+05	2.950227e-24	2.902980e-16	
4.890824e+03	-3.697027e-06	1.187676e+05	
1.489636e+01	3.676272e-06	-1.175494e+05	
}

Kp matrix:
{
  1.345381e+005  1.936972e-016  1.719279e-008
  5.908779e-002  1.282279e-029  4.505401e-022
  7.475112e-003  8.200935e-031  1.395150e-023
}

First order & pseudo first order rate coefficients for loss rxns:
{
CH3OCH2 loss = -1.379618e+05
IM1 loss = -3.697027e-06
IM2 loss = -1.175494e+05
}

First order & pseudo first order rate coefficients for isomerization rxns:
{
CH3OCH2 -> IM1 = 4.890824e+03
CH3OCH2 -> IM2 = 1.489636e+01
IM1 -> CH3OCH2 = 2.950227e-24
IM1 -> IM2 = 3.676272e-06
IM2 -> CH3OCH2 = 2.902980e-16
IM2 -> IM1 = 1.187676e+05
}

First order & pseudo first order rate coefficients for irreversible rxns:
{
CH3OCH2 -> OH-1 = 1.345381e+05
IM1 -> OH-1 = 1.936972e-16
IM2 -> OH-1 = 1.719279e-08
CH3OCH2 -> OH-2 = 5.908779e-02
IM1 -> OH-2 = 1.282279e-29
IM2 -> OH-2 = 4.505401e-22
CH3OCH2 -> OH-3 = 7.475112e-03
IM1 -> OH-3 = 8.200935e-31
IM2 -> OH-3 = 1.395150e-23
}


Eq fraction matrix:
{
 -1.6578e+027            1            0
            0 -3.0953e-011            1
            1            1            1
}
inverse of Eq fraction matrix:
{
 -6.0322e-028 -6.0322e-028  6.0322e-028
  6.0322e-028           -1            1
  1.8672e-038            1  3.0953e-011
}
Equilibrium Fraction for CH3OCH2 = 6.03217e-28
Equilibrium Fraction for IM1 = 1
Equilibrium Fraction for IM2 = 3.09535e-11

Bartis Widom eigenvalue/eigenvector analysis

Number of sinks in this system: 3

There should be 3 chemically significant eigenvalues (CSEs)
row 572 of the U*U^(-1) matrix does not equal unity. It sums to -3.452915e+08

Y_matrix:
{
 -2.166266e-009 -3.912994e-013  1.996886e-016
 -9.325588e-016 -4.418550e-025  5.944077e-029
 -1.257108e-016 -4.739253e-026  7.264693e-032
}

Z_matrix: {
-2.456047e-14	-7.680754e-24	2.266050e-28	
7.469045e-15	5.619466e-06	1.000000e+00	
1.739890e-15	-5.563585e-06	3.126438e-11	
}

Z_matrix^(-1):
{
-4.071583e+13	7.469045e-15	5.620984e-05	
-1.273299e+04	5.619466e-06	-1.797402e+05	
3.756610e-01	1.000000e+00	1.010044e+00	
}

Z_matrix * Z_matrix^(-1) [Identity matrix]:
{
1.000000e+00	7.286936e-92	6.649743e-83	
6.884287e-65	1.000000e+00	7.121676e-65	
1.756623e-66	1.105430e-75	1.000000e+00	
}

Kr matrix:
{
-1.404435e+05	3.155538e-23	8.630456e-15	
5.231184e+04	-4.251738e-06	1.355398e+05	
4.428634e+02	4.195430e-06	-1.341920e+05	
}

Kp matrix:
{
  8.820134e+004  1.974897e-016  7.033212e-008
  3.796990e-002  4.999246e-029  2.700012e-020
  5.118419e-003 -1.132613e-030  1.452160e-021
}

First order & pseudo first order rate coefficients for loss rxns:
{
CH3OCH2 loss = -1.404435e+05
IM1 loss = -4.251738e-06
IM2 loss = -1.341920e+05
}

First order & pseudo first order rate coefficients for isomerization rxns:
{
CH3OCH2 -> IM1 = 5.231184e+04
CH3OCH2 -> IM2 = 4.428634e+02
IM1 -> CH3OCH2 = 3.155538e-23
IM1 -> IM2 = 4.195430e-06
IM2 -> CH3OCH2 = 8.630456e-15
IM2 -> IM1 = 1.355398e+05
}

First order & pseudo first order rate coefficients for irreversible rxns:
{
CH3OCH2 -> OH-1 = 8.820134e+04
IM1 -> OH-1 = 1.974897e-16
IM2 -> OH-1 = 7.033212e-08
CH3OCH2 -> OH-2 = 3.796990e-02
IM1 -> OH-2 = 4.999246e-29
IM2 -> OH-2 = 2.700012e-20
CH3OCH2 -> OH-3 = 5.118419e-03
IM1 -> OH-3 = -1.132613e-30
IM2 -> OH-3 = 1.452160e-21
}


Eq fraction matrix:
{
 -1.6578e+027            1            0
            0 -3.0953e-011            1
            1            1            1
}
inverse of Eq fraction matrix:
{
 -6.0322e-028 -6.0322e-028  6.0322e-028
  6.0322e-028           -1            1
  1.8672e-038            1  3.0953e-011
}
Equilibrium Fraction for CH3OCH2 = 6.03217e-28
Equilibrium Fraction for IM1 = 1
Equilibrium Fraction for IM2 = 3.09535e-11

Bartis Widom eigenvalue/eigenvector analysis

Number of sinks in this system: 3

There should be 3 chemically significant eigenvalues (CSEs)
row 572 of the U*U^(-1) matrix does not equal unity. It sums to 2.485702e+08

Y_matrix:
{
 -1.971709e-010  1.958811e-011  2.048974e-016
 -1.174173e-016  1.392362e-023 -4.043725e-028
 -1.795569e-017  8.551307e-025 -1.625258e-028
}

Z_matrix: {
-2.456047e-14	1.454084e-22	5.696434e-28	
-1.007228e-14	-5.618817e-06	1.000000e+00	
3.293879e-14	5.563585e-06	3.126077e-11	
}

Z_matrix^(-1):
{
-4.071583e+13	-1.007228e-14	1.064138e-03	
2.410550e+05	-5.618817e-06	1.797402e+05	
9.443428e-01	1.000000e+00	1.009927e+00	
}

Z_matrix * Z_matrix^(-1) [Identity matrix]:
{
1.000000e+00	3.068183e-92	1.842279e-81	
0.000000e+00	1.000000e+00	3.798227e-65	
-2.363519e-65	1.105430e-75	1.000000e+00	
}

Kr matrix:
{
-1.439271e+05	7.890865e-23	9.847727e-14	
1.308131e+05	-5.170507e-06	1.415506e+05	
5.053265e+03	4.381483e-06	-1.401592e+05	
}

Kp matrix:
{
  8.027975e+003  9.483540e-017  3.520770e-006
  4.780741e-003 -4.814241e-028  2.377685e-018
  7.310807e-004 -1.671498e-028  1.345940e-019
}

First order & pseudo first order rate coefficients for loss rxns:
{
CH3OCH2 loss = -1.439271e+05
IM1 loss = -5.170507e-06
IM2 loss = -1.401592e+05
}

First order & pseudo first order rate coefficients for isomerization rxns:
{
CH3OCH2 -> IM1 = 1.308131e+05
CH3OCH2 -> IM2 = 5.053265e+03
IM1 -> CH3OCH2 = 7.890865e-23
IM1 -> IM2 = 4.381483e-06
IM2 -> CH3OCH2 = 9.847727e-14
IM2 -> IM1 = 1.415506e+05
}

First order & pseudo first order rate coefficients for irreversible rxns:
{
CH3OCH2 -> OH-1 = 8.027975e+03
IM1 -> OH-1 = 9.483540e-17
IM2 -> OH-1 = 3.520770e-06
CH3OCH2 -> OH-2 = 4.780741e-03
IM1 -> OH-2 = -4.814241e-28
IM2 -> OH-2 = 2.377685e-18
CH3OCH2 -> OH-3 = 7.310807e-04
IM1 -> OH-3 = -1.671498e-28
IM2 -> OH-3 = 1.345940e-19
}


Eq fraction matrix:
{
 -1.6578e+027            1            0
            0 -3.0953e-011            1
            1            1            1
}
inverse of Eq fraction matrix:
{
 -6.0322e-028 -6.0322e-028  6.0322e-028
  6.0322e-028           -1            1
  1.8672e-038            1  3.0953e-011
}
Equilibrium Fraction for CH3OCH2 = 6.03217e-28
Equilibrium Fraction for IM1 = 1
Equilibrium Fraction for IM2 = 3.09535e-11

Bartis Widom eigenvalue/eigenvector analysis

Number of sinks in this system: 3

There should be 3 chemically significant eigenvalues (CSEs)
row 572 of the U*U^(-1) matrix does not equal unity. It sums to -5.902583e+08

Y_matrix:
{
  2.636475e-012 -3.519759e-011 -2.068319e-016
  2.453233e-018 -2.859060e-022 -4.981594e-027
  4.159365e-019 -2.460349e-023 -8.167544e-028
}

Z_matrix: {
2.456047e-14	-4.056247e-23	-6.027988e-28	
-1.526387e-14	5.618765e-06	-1.000000e+00	
-9.188454e-15	-5.563585e-06	-3.126048e-11	
}

Z_matrix^(-1):
{
4.071583e+13	-1.526387e-14	-2.968472e-04	
-6.724361e+04	5.618765e-06	-1.797402e+05	
-9.993070e-01	-1.000000e+00	-1.009918e+00	
}

Z_matrix * Z_matrix^(-1) [Identity matrix]:
{
1.000000e+00	-7.670459e-92	1.013907e-81	
-1.329379e-64	1.000000e+00	-1.329379e-64	
6.002176e-65	-2.210859e-75	1.000000e+00	
}

Kr matrix:
{
-1.444799e+05	8.621534e-23	2.805309e-14	
1.429260e+05	-1.537506e-05	1.420269e+05	
1.439517e+03	4.396226e-06	-1.406321e+05	
}

Kp matrix:
{
  1.073463e+002  9.064946e-018  6.326422e-006
  9.988542e-005  3.375118e-027  5.138808e-017
  1.693520e-005  6.785068e-028  4.422114e-018
}

First order & pseudo first order rate coefficients for loss rxns:
{
CH3OCH2 loss = -1.444799e+05
IM1 loss = -1.537506e-05
IM2 loss = -1.406321e+05
}

First order & pseudo first order rate coefficients for isomerization rxns:
{
CH3OCH2 -> IM1 = 1.429260e+05
CH3OCH2 -> IM2 = 1.439517e+03
IM1 -> CH3OCH2 = 8.621534e-23
IM1 -> IM2 = 4.396226e-06
IM2 -> CH3OCH2 = 2.805309e-14
IM2 -> IM1 = 1.420269e+05
}

First order & pseudo first order rate coefficients for irreversible rxns:
{
CH3OCH2 -> OH-1 = 1.073463e+02
IM1 -> OH-1 = 9.064946e-18
IM2 -> OH-1 = 6.326422e-06
CH3OCH2 -> OH-2 = 9.988542e-05
IM1 -> OH-2 = 3.375118e-27
IM2 -> OH-2 = 5.138808e-17
CH3OCH2 -> OH-3 = 1.693520e-05
IM1 -> OH-3 = 6.785068e-28
IM2 -> OH-3 = 4.422114e-18
}


Eq fraction matrix:
{
 -1.6578e+027            1            0
            0 -3.0953e-011            1
            1            1            1
}
inverse of Eq fraction matrix:
{
 -6.0322e-028 -6.0322e-028  6.0322e-028
  6.0322e-028           -1            1
  1.8672e-038            1  3.0953e-011
}
Equilibrium Fraction for CH3OCH2 = 6.03217e-28
Equilibrium Fraction for IM1 = 1
Equilibrium Fraction for IM2 = 3.09535e-11

Bartis Widom eigenvalue/eigenvector analysis

Number of sinks in this system: 3

There should be 3 chemically significant eigenvalues (CSEs)
row 572 of the U*U^(-1) matrix does not equal unity. It sums to 2.619667e+09

Y_matrix:
{
  1.058996e-013  3.652322e-011  2.069640e-016
  1.105461e-019  3.864679e-022  2.472321e-027
  1.923492e-020  3.554799e-023  2.354774e-028
}

Z_matrix: {
2.456047e-14	8.697559e-24	6.032070e-28	
-2.257031e-14	-5.618752e-06	1.000000e+00	
-1.970223e-15	5.563585e-06	3.126041e-11	
}

Z_matrix^(-1):
{
4.071583e+13	-2.257031e-14	-6.365110e-05	
1.441863e+04	-5.618752e-06	1.797402e+05	
9.999837e-01	1.000000e+00	1.009916e+00	
}

Z_matrix * Z_matrix^(-1) [Identity matrix]:
{
1.000000e+00	-1.112216e-91	1.744819e-82	
-7.596454e-65	1.000000e+00	-7.596454e-65	
7.436491e-66	-8.705258e-75	1.000000e+00	
}

Kr matrix:
{
-1.445157e+05	8.698444e-23	6.027631e-15	
1.442010e+05	1.013695e-04	1.420547e+05	
3.093020e+02	4.397088e-06	-1.406600e+05	
}

Kp matrix:
{
  4.311792e+000  1.749077e-018  6.564691e-006
  4.500977e-006  3.008509e-028  6.946381e-017
  7.831657e-007  3.574165e-029  6.389401e-018
}

First order & pseudo first order rate coefficients for loss rxns:
{
CH3OCH2 loss = -1.445157e+05
IM1 loss = 1.013695e-04
IM2 loss = -1.406600e+05
}

First order & pseudo first order rate coefficients for isomerization rxns:
{
CH3OCH2 -> IM1 = 1.442010e+05
CH3OCH2 -> IM2 = 3.093020e+02
IM1 -> CH3OCH2 = 8.698444e-23
IM1 -> IM2 = 4.397088e-06
IM2 -> CH3OCH2 = 6.027631e-15
IM2 -> IM1 = 1.420547e+05
}

First order & pseudo first order rate coefficients for irreversible rxns:
{
CH3OCH2 -> OH-1 = 4.311792e+00
IM1 -> OH-1 = 1.749077e-18
IM2 -> OH-1 = 6.564691e-06
CH3OCH2 -> OH-2 = 4.500977e-06
IM1 -> OH-2 = 3.008509e-28
IM2 -> OH-2 = 6.946381e-17
CH3OCH2 -> OH-3 = 7.831657e-07
IM1 -> OH-3 = 3.574165e-29
IM2 -> OH-3 = 6.389401e-18
}


Eq fraction matrix:
{
 -1.8058e+024            1            0
            0 -2.1803e-010            1
            1            1            1
}
inverse of Eq fraction matrix:
{
 -5.5376e-025 -5.5376e-025  5.5376e-025
  5.5376e-025           -1            1
  1.2074e-034            1  2.1803e-010
}
Equilibrium Fraction for CH3OCH2 = 5.53762e-25
Equilibrium Fraction for IM1 = 1
Equilibrium Fraction for IM2 = 2.18033e-10

Bartis Widom eigenvalue/eigenvector analysis

Number of sinks in this system: 3

There should be 3 chemically significant eigenvalues (CSEs)
row 572 of the U*U^(-1) matrix does not equal unity. It sums to 4.624833e+05

Warning: CSEs not well separated from internal energy relaxation eigenvals (IEREs)

The last CSE = -158135 and the first IERE = -1.47267e+06
(last CSE)/(first IERE) ratio = 0.10738, which is less than an order of magnitude

Results obtained from Bartis Widom eigenvalue-vector analysis may be unreliable

Y_matrix:
{
  6.879468e-012  9.301596e-008  3.381814e-014
 -2.956690e-025  5.937784e-014  4.640971e-027
 -1.193322e-025  8.236633e-015  2.956059e-028
}

Z_matrix: {
-4.780303e-23	7.441516e-13	1.391143e-26	
-1.490020e-05	-1.965152e-14	1.000000e+00	
1.476595e-05	9.485397e-16	2.200156e-10	
}

Z_matrix^(-1):
{
-8.632423e+01	-1.490020e-05	6.772337e+04	
1.343812e+12	-1.965152e-14	4.350434e-06	
2.512170e-02	1.000000e+00	1.009092e+00	
}

Z_matrix * Z_matrix^(-1) [Identity matrix]:
{
1.000000e+00	-1.012501e-90	-1.073773e-82	
5.934730e-67	1.000000e+00	0.000000e+00	
4.448593e-68	1.430150e-74	1.000000e+00	
}

Kr matrix:
{
-1.269774e+05	1.744244e-21	1.008695e-13	
3.149811e+03	-3.512913e-05	1.595728e+05	
3.971551e+01	3.479219e-05	-1.581351e+05	
}

Kp matrix:
{
  1.249960e+005  3.371564e-014  4.659012e-007
  7.979267e-002  3.478512e-027  2.382957e-019
  1.106849e-002  1.355217e-028  2.775135e-020
}

First order & pseudo first order rate coefficients for loss rxns:
{
CH3OCH2 loss = -1.269774e+05
IM1 loss = -3.512913e-05
IM2 loss = -1.581351e+05
}

First order & pseudo first order rate coefficients for isomerization rxns:
{
CH3OCH2 -> IM1 = 3.149811e+03
CH3OCH2 -> IM2 = 3.971551e+01
IM1 -> CH3OCH2 = 1.744244e-21
IM1 -> IM2 = 3.479219e-05
IM2 -> CH3OCH2 = 1.008695e-13
IM2 -> IM1 = 1.595728e+05
}

First order & pseudo first order rate coefficients for irreversible rxns:
{
CH3OCH2 -> OH-1 = 1.249960e+05
IM1 -> OH-1 = 3.371564e-14
IM2 -> OH-1 = 4.659012e-07
CH3OCH2 -> OH-2 = 7.979267e-02
IM1 -> OH-2 = 3.478512e-27
IM2 -> OH-2 = 2.382957e-19
CH3OCH2 -> OH-3 = 1.106849e-02
IM1 -> OH-3 = 1.355217e-28
IM2 -> OH-3 = 2.775135e-20
}


Eq fraction matrix:
{
 -1.8058e+024            1            0
            0 -2.1803e-010            1
            1            1            1
}
inverse of Eq fraction matrix:
{
 -5.5376e-025 -5.5376e-025  5.5376e-025
  5.5376e-025           -1            1
  1.2074e-034            1  2.1803e-010
}
Equilibrium Fraction for CH3OCH2 = 5.53762e-25
Equilibrium Fraction for IM1 = 1
Equilibrium Fraction for IM2 = 2.18033e-10

Bartis Widom eigenvalue/eigenvector analysis

Number of sinks in this system: 3

There should be 3 chemically significant eigenvalues (CSEs)
row 572 of the U*U^(-1) matrix does not equal unity. It sums to 2.602994e+06

Y_matrix:
{
 -2.193646e-011 -6.604764e-008 -3.535027e-014
 -3.313880e-023 -4.115695e-014 -9.381298e-026
 -9.894232e-025 -6.024158e-015 -6.518109e-027
}

Z_matrix: {
2.522882e-22	-7.441516e-13	-1.766194e-25	
1.489475e-05	2.423931e-13	-1.000000e+00	
-1.476595e-05	-5.006072e-15	-2.199352e-10	
}

Z_matrix^(-1):
{
4.555900e+02	1.489475e-05	-6.772337e+04	
-1.343812e+12	2.423931e-13	-2.296012e-05	
-3.189449e-01	-1.000000e+00	-1.008723e+00	
}

Z_matrix * Z_matrix^(-1) [Identity matrix]:
{
1.000000e+00	-5.890912e-90	3.856139e-81	
-2.373892e-65	1.000000e+00	1.661724e-65	
1.743270e-66	1.215973e-74	1.000000e+00	
}

Kr matrix:
{
-1.296389e+05	2.267367e-20	1.014323e-12	
4.094482e+04	-4.166715e-05	1.906540e+05	
3.993708e+02	4.156892e-05	-1.890053e+05	
}

Kp matrix:
{
  8.875563e+004  3.502351e-014  1.485613e-006
  5.530721e-002  8.334323e-026  3.189240e-018
  8.095337e-003  5.043158e-027  2.053225e-019
}

First order & pseudo first order rate coefficients for loss rxns:
{
CH3OCH2 loss = -1.296389e+05
IM1 loss = -4.166715e-05
IM2 loss = -1.890053e+05
}

First order & pseudo first order rate coefficients for isomerization rxns:
{
CH3OCH2 -> IM1 = 4.094482e+04
CH3OCH2 -> IM2 = 3.993708e+02
IM1 -> CH3OCH2 = 2.267367e-20
IM1 -> IM2 = 4.156892e-05
IM2 -> CH3OCH2 = 1.014323e-12
IM2 -> IM1 = 1.906540e+05
}

First order & pseudo first order rate coefficients for irreversible rxns:
{
CH3OCH2 -> OH-1 = 8.875563e+04
IM1 -> OH-1 = 3.502351e-14
IM2 -> OH-1 = 1.485613e-06
CH3OCH2 -> OH-2 = 5.530721e-02
IM1 -> OH-2 = 8.334323e-26
IM2 -> OH-2 = 3.189240e-18
CH3OCH2 -> OH-3 = 8.095337e-03
IM1 -> OH-3 = 5.043158e-27
IM2 -> OH-3 = 2.053225e-19
}


Eq fraction matrix:
{
 -1.8058e+024            1            0
            0 -2.1803e-010            1
            1            1            1
}
inverse of Eq fraction matrix:
{
 -5.5376e-025 -5.5376e-025  5.5376e-025
  5.5376e-025           -1            1
  1.2074e-034            1  2.1803e-010
}
Equilibrium Fraction for CH3OCH2 = 5.53762e-25
Equilibrium Fraction for IM1 = 1
Equilibrium Fraction for IM2 = 2.18033e-10

Bartis Widom eigenvalue/eigenvector analysis

Number of sinks in this system: 3

There should be 3 chemically significant eigenvalues (CSEs)
row 572 of the U*U^(-1) matrix does not equal unity. It sums to -4.219397e+05

Y_matrix:
{
 -1.185589e-009 -7.203928e-009 -3.668019e-014
 -3.736763e-021 -6.317093e-015 -5.144615e-025
 -2.400165e-022 -1.041048e-015 -4.119114e-026
}

Z_matrix: {
2.520371e-21	-7.441516e-13	-5.138583e-25	
1.489242e-05	7.409683e-13	-1.000000e+00	
-1.476595e-05	-5.001088e-14	-2.199007e-10	
}

Z_matrix^(-1):
{
4.551365e+03	1.489242e-05	-6.772337e+04	
-1.343812e+12	7.409683e-13	-2.293726e-04	
-9.279414e-01	-1.000000e+00	-1.008565e+00	
}

Z_matrix * Z_matrix^(-1) [Identity matrix]:
{
1.000000e+00	-1.570910e-89	1.908962e-80	
-9.495568e-65	1.000000e+00	-2.848670e-65	
9.111857e-66	3.647918e-74	1.000000e+00	
}

Kr matrix:
{
-1.341964e+05	6.640385e-20	1.161476e-11	
1.199142e+05	-4.347546e-05	2.039753e+05	
4.573096e+03	4.447342e-05	-2.022431e+05	
}

Kp matrix:
{
  9.680727e+003  1.902390e-014  8.029208e-005
  8.488987e-003  4.541313e-025  2.545152e-016
  1.398973e-003  3.684533e-026  1.649351e-017
}

First order & pseudo first order rate coefficients for loss rxns:
{
CH3OCH2 loss = -1.341964e+05
IM1 loss = -4.347546e-05
IM2 loss = -2.022431e+05
}

First order & pseudo first order rate coefficients for isomerization rxns:
{
CH3OCH2 -> IM1 = 1.199142e+05
CH3OCH2 -> IM2 = 4.573096e+03
IM1 -> CH3OCH2 = 6.640385e-20
IM1 -> IM2 = 4.447342e-05
IM2 -> CH3OCH2 = 1.161476e-11
IM2 -> IM1 = 2.039753e+05
}

First order & pseudo first order rate coefficients for irreversible rxns:
{
CH3OCH2 -> OH-1 = 9.680727e+03
IM1 -> OH-1 = 1.902390e-14
IM2 -> OH-1 = 8.029208e-05
CH3OCH2 -> OH-2 = 8.488987e-03
IM1 -> OH-2 = 4.541313e-25
IM2 -> OH-2 = 2.545152e-16
CH3OCH2 -> OH-3 = 1.398973e-03
IM1 -> OH-3 = 3.684533e-26
IM2 -> OH-3 = 1.649351e-17
}


Eq fraction matrix:
{
 -1.8058e+024            1            0
            0 -2.1803e-010            1
            1            1            1
}
inverse of Eq fraction matrix:
{
 -5.5376e-025 -5.5376e-025  5.5376e-025
  5.5376e-025           -1            1
  1.2074e-034            1  2.1803e-010
}
Equilibrium Fraction for CH3OCH2 = 5.53762e-25
Equilibrium Fraction for IM1 = 1
Equilibrium Fraction for IM2 = 2.18033e-10

Bartis Widom eigenvalue/eigenvector analysis

Number of sinks in this system: 3

There should be 3 chemically significant eigenvalues (CSEs)
row 572 of the U*U^(-1) matrix does not equal unity. It sums to -2.720047e+06

Y_matrix:
{
  2.368329e-009  1.141862e-010  3.721341e-014
  1.086935e-019  1.632751e-016  1.956565e-024
  1.059886e-020  2.971323e-017  1.965760e-025
}

Z_matrix: {
-8.425821e-22	7.441516e-13	5.531653e-25	
-1.489221e-05	-7.602124e-13	1.000000e+00	
1.476595e-05	1.671908e-14	2.198977e-10	
}

Z_matrix^(-1):
{
-1.521561e+03	-1.489221e-05	6.772337e+04	
1.343812e+12	-7.602124e-13	7.668128e-05	
9.989233e-01	1.000000e+00	1.008551e+00	
}

Z_matrix * Z_matrix^(-1) [Identity matrix]:
{
1.000000e+00	1.080001e-89	2.978570e-81	
-3.560838e-65	1.000000e+00	-1.899114e-65	
-5.744492e-67	-9.948866e-75	1.000000e+00	
}

Kr matrix:
{
-1.350574e+05	7.385152e-20	3.899692e-12	
1.333634e+05	3.512739e-05	2.051373e+05	
1.535431e+03	4.472677e-05	-2.033981e+05	
}

Kp matrix:
{
  1.534449e+002  1.943761e-015  1.603912e-004
  2.194111e-004  3.377548e-025  7.361101e-015
  3.992900e-005  3.871296e-026  7.177925e-016
}

First order & pseudo first order rate coefficients for loss rxns:
{
CH3OCH2 loss = -1.350574e+05
IM1 loss = 3.512739e-05
IM2 loss = -2.033981e+05
}

First order & pseudo first order rate coefficients for isomerization rxns:
{
CH3OCH2 -> IM1 = 1.333634e+05
CH3OCH2 -> IM2 = 1.535431e+03
IM1 -> CH3OCH2 = 7.385152e-20
IM1 -> IM2 = 4.472677e-05
IM2 -> CH3OCH2 = 3.899692e-12
IM2 -> IM1 = 2.051373e+05
}

First order & pseudo first order rate coefficients for irreversible rxns:
{
CH3OCH2 -> OH-1 = 1.534449e+02
IM1 -> OH-1 = 1.943761e-15
IM2 -> OH-1 = 1.603912e-04
CH3OCH2 -> OH-2 = 2.194111e-04
IM1 -> OH-2 = 3.377548e-25
IM2 -> OH-2 = 7.361101e-15
CH3OCH2 -> OH-3 = 3.992900e-05
IM1 -> OH-3 = 3.871296e-26
IM2 -> OH-3 = 7.177925e-16
}


Eq fraction matrix:
{
 -1.8058e+024            1            0
            0 -2.1803e-010            1
            1            1            1
}
inverse of Eq fraction matrix:
{
 -5.5376e-025 -5.5376e-025  5.5376e-025
  5.5376e-025           -1            1
  1.2074e-034            1  2.1803e-010
}
Equilibrium Fraction for CH3OCH2 = 5.53762e-25
Equilibrium Fraction for IM1 = 1
Equilibrium Fraction for IM2 = 2.18033e-10

Bartis Widom eigenvalue/eigenvector analysis

Number of sinks in this system: 3

There should be 3 chemically significant eigenvalues (CSEs)
row 572 of the U*U^(-1) matrix does not equal unity. It sums to -4.485177e+06

Y_matrix:
{
 -2.476751e-009  4.780509e-012 -3.726028e-014
 -1.563067e-019  7.923425e-018 -2.407113e-024
 -1.645362e-020  1.484053e-018 -2.542822e-025
}

Z_matrix: {
1.862851e-22	7.441516e-13	-5.537427e-25	
1.489219e-05	-7.478543e-13	-1.000000e+00	
-1.476595e-05	3.696393e-15	-2.198973e-10	
}

Z_matrix^(-1):
{
3.363994e+02	1.489219e-05	-6.772337e+04	
1.343812e+12	-7.478543e-13	1.695334e-05	
-9.999660e-01	-1.000000e+00	-1.008549e+00	
}

Z_matrix * Z_matrix^(-1) [Identity matrix]:
{
1.000000e+00	-2.984729e-88	3.814187e-82	
-4.937695e-64	1.000000e+00	-5.293779e-64	
6.517373e-67	-1.282298e-73	1.000000e+00	
}

Kr matrix:
{
-1.351154e+05	7.462956e-20	8.623124e-13	
1.347684e+05	2.190511e-04	2.052064e+05	
3.395195e+02	4.474183e-05	-2.034669e+05	
}

Kp matrix:
{
  6.424106e+000  3.760264e-016  1.677340e-004
  1.064760e-005  7.935840e-026  1.058561e-014
  1.994288e-006  9.250595e-027  1.114295e-015
}

First order & pseudo first order rate coefficients for loss rxns:
{
CH3OCH2 loss = -1.351154e+05
IM1 loss = 2.190511e-04
IM2 loss = -2.034669e+05
}

