          Angle         Potential          Series
              0,               0,         1.61897
       0.261799,         126.059,         119.375
       0.523599,         352.518,         338.801
       0.785398,         550.664,         529.303
         1.0472,         607.401,         582.577
          1.309,         487.236,         467.521
         1.5708,         257.416,         247.608
         1.8326,         54.2956,         52.0202
         2.0944,               0,       -0.174848
        2.35619,         126.059,         120.907
        2.61799,         352.518,         338.983
        2.87979,         550.209,         527.534
        3.14159,         608.657,          584.74
        3.40339,          500.46,          480.33
        3.66519,         280.397,         268.843
        3.92699,         70.2876,         68.4944
        4.18879,               0,        -1.45467
        4.45059,         106.009,         102.707
        4.71239,         331.378,         318.485
        4.97419,         540.987,          518.15
        5.23599,          609.33,         585.591
        5.49779,          499.47,         480.116
        5.75959,         273.154,          261.29
        6.02139,         63.2197,         60.4493
        6.28319,               0,         1.61897

          Angle         Potential          Series
              0,               0,         41.3551
       0.261799,         146.086,         132.876
       0.523599,         437.951,          356.89
       0.785398,         637.211,         682.394
         1.0472,         1173.28,            1116
          1.309,         1760.42,         1662.94
         1.5708,         2226.31,         2143.19
         1.8326,         2301.32,         2204.72
         2.0944,         1659.46,         1679.63
        2.35619,         1069.24,         846.495
        2.61799,         38.7256,          197.52
        2.87979,         7.00497,         -23.729
        3.14159,         103.303,         31.4315
        3.40339,         44.4522,          81.827
        3.66519,        0.747092,         41.4711
        3.92699,          144.33,         96.9804
        4.18879,         547.794,         492.258
        4.45059,         1191.63,         1202.13
        4.71239,         1881.67,         1833.83
        4.97419,         2157.74,          1948.9
        5.23599,         1448.84,         1496.98
        5.49779,         877.527,         837.226
        5.75959,         403.563,         338.797
        6.02139,         94.2011,         96.5903
        6.28319,               0,         41.3551

          Angle         Potential          Series
       -6.28319,       0.0849367,         3.68577
       -6.02139,          360.69,         349.991
       -5.75959,         1194.42,         1142.02
       -5.49779,         2002.82,         1921.78
       -5.23599,         2373.93,         2282.65
       -4.97419,         2180.66,         2094.17
       -4.71239,         1537.04,         1470.23
       -4.45059,         740.703,         713.609
       -4.18879,          235.34,         230.144
       -3.92699,          285.86,         269.021
       -3.66519,         729.268,         699.659
       -3.40339,         1202.21,          1158.6
       -3.14159,         1471.42,         1411.85
       -2.87979,         1545.39,         1478.48
       -2.61799,         1518.27,         1461.51
       -2.35619,         1473.95,         1417.81
        -2.0944,         1446.45,         1383.07
        -1.8326,         1440.23,            1383
        -1.5708,         1450.35,         1397.06
         -1.309,         1442.87,         1383.26
        -1.0472,         1369.83,         1310.18
      -0.785398,         1152.07,         1111.25
      -0.523599,         739.444,         711.973
      -0.261799,           240.1,         223.073
              0,               0,         3.68577

          Angle         Potential          Series
       -6.28319,        0.320213,        0.459022
       -6.02139,         81.6296,         78.4974
       -5.75959,         272.614,         261.096
       -5.49779,         463.978,         445.959
       -5.23599,         545.423,         523.845
       -4.97419,         462.404,         442.973
       -4.71239,         259.404,         249.818
       -4.45059,         67.2709,         64.5458
       -4.18879,         0.67247,         0.17287
       -3.92699,         94.2806,         90.8752
       -3.66519,         291.715,         279.961
       -3.40339,         477.601,         458.557
       -3.14159,         544.858,         522.983
       -2.87979,         449.761,         431.547
       -2.61799,         245.464,         236.268
       -2.35619,         59.5187,         56.6287
        -2.0944,         1.73122,         1.50077
        -1.8326,         102.936,         99.4707
        -1.5708,         301.663,         289.216
         -1.309,         482.239,         462.656
        -1.0472,         544.756,         523.519
      -0.785398,         455.057,         436.633
      -0.523599,         260.548,         250.021
      -0.261799,         73.4481,         70.5172
              0,               0,        0.459022

          Angle         Potential          Series
       -6.28319,       0.0125101,         4.08229
       -6.02139,         39.2739,         32.5413
       -5.75959,         127.782,         121.796
       -5.49779,         181.533,         179.416
       -5.23599,         191.146,         181.542
       -4.97419,         185.106,         174.348
       -4.71239,         214.672,         209.002
       -4.45059,         303.785,         293.647
       -4.18879,         414.222,         394.159
       -3.92699,         475.729,         455.992
       -3.66519,         447.814,         433.648
       -3.40339,         344.188,         330.017
       -3.14159,         228.775,         215.142
       -2.87979,         192.666,         187.954
       -2.61799,         314.183,         305.286
       -2.35619,         572.719,         543.524
        -2.0944,         851.912,          818.76
        -1.8326,         1073.61,         1035.69
        -1.5708,         1179.57,         1129.05
         -1.309,         1128.53,         1080.33
        -1.0472,         940.677,         907.414
      -0.785398,         671.797,         646.712
      -0.523599,         376.248,           354.5
      -0.261799,         115.668,         114.213
              0,               0,         4.08229

          Angle         Potential          Series
              0,               0,        -6.71125
       0.174533,         53.9254,         70.5541
       0.349066,         206.432,         220.064
       0.523599,         435.781,         380.782
       0.698132,         520.213,          533.21
       0.872665,         752.852,         718.057
         1.0472,         1027.38,         988.031
        1.22173,         1332.83,          1331.7
        1.39626,         1651.28,         1642.99
         1.5708,          1941.5,         1775.13
        1.74533,         1648.67,         1642.37
        1.91986,         1267.31,         1286.99
         2.0944,         879.174,         855.599
        2.26893,         559.784,         505.042
        2.44346,         347.936,          313.86
        2.61799,         250.189,         262.898
        2.79253,         251.335,         283.946
        2.96706,          323.17,         321.189
        3.14159,           417.8,          353.91
        3.31613,          398.15,         378.557
        3.49066,         372.511,         389.116
        3.66519,         370.487,         386.452
        3.83972,         419.919,         403.519
        4.01426,         551.107,         505.478
        4.18879,         783.469,         745.063
        4.36332,         1106.87,         1103.89
        4.53786,            1476,          1476.1
        4.71239,         1804.11,          1720.5
        4.88692,         1831.62,         1746.31
        5.06145,         1571.43,         1564.44
        5.23599,         1281.28,         1264.93
        5.41052,         1003.38,         945.532
        5.58505,         669.876,         655.995
        5.75959,         399.745,         400.771
        5.93412,         186.505,         182.732
        6.10865,         48.0017,         33.0825
        6.28319,        0.659082,        -6.71125

          Angle         Potential          Series
              0,               0,        -5.77122
       0.174533,               0,          1.3981
       0.349066,         56.3326,         62.2561
       0.523599,         150.135,          148.45
       0.698132,         238.338,         229.109
       0.872665,         296.261,          284.43
         1.0472,          323.55,         312.311
        1.22173,         332.146,         325.087
        1.39626,         345.584,         340.855
         1.5708,          383.25,         375.639
        1.74533,         454.023,         438.585
        1.91986,         549.062,          528.29
         2.0944,         648.935,          629.41
        2.26893,         727.182,         712.877
        2.44346,         757.386,         744.252
        2.61799,         717.525,          699.33
        2.79253,         604.698,         578.339
        2.96706,         431.878,         408.271
        3.14159,         232.977,         230.592
        3.31613,          49.235,          83.105
        3.49066,               0,        -10.7311
        3.66519,               0,        -38.9603
        3.83972,               0,         8.28432
        4.01426,          111.52,         141.448
        4.18879,          373.12,         361.057
        4.36332,          677.49,         641.966
        4.53786,         964.327,         928.435
        4.71239,          1175.7,          1149.7
        4.88692,         1271.19,         1249.23
        5.06145,         1236.96,         1209.04
        5.23599,         1090.93,         1053.12
        5.41052,         867.682,         830.073
        5.58505,         602.629,          589.15
        5.75959,         360.495,          365.99
        5.93412,         185.031,         182.811
        6.10865,         67.1066,         55.1722
        6.28319,               0,        -5.77122

          Angle         Potential          Series
              0,               0,         11.1591
       0.261799,         207.901,         196.306
       0.523599,         718.828,         690.389
       0.785398,         1273.05,         1224.04
         1.0472,         1632.96,         1564.26
          1.309,         1723.33,         1654.97
         1.5708,         1652.63,          1590.5
         1.8326,         1603.68,            1537
         2.0944,          1696.9,         1624.23
        2.35619,         1866.92,         1798.66
        2.61799,         1905.55,         1833.59
        2.87979,         1663.88,         1583.06
        3.14159,         1193.71,         1149.47
        3.40339,         724.393,         722.933
        3.66519,         484.766,         412.882
        3.92699,         335.985,         370.449
        4.18879,         910.063,         852.746
        4.45059,         1954.72,         1876.79
        4.71239,         3046.38,         2922.98
        4.97419,         3423.18,         3297.64
        5.23599,         2924.64,         2799.14
        5.49779,         1911.48,         1826.47
        5.75959,         902.805,         889.243
        6.02139,         285.156,         252.276
        6.28319,               0,         11.1591

          Angle         Potential          Series
       -6.28319,       0.0144853,        -2.16285
       -6.02139,         94.7529,         89.7493
       -5.75959,         428.623,         414.886
       -5.49779,         1006.67,         965.761
       -5.23599,         1705.36,         1633.58
       -4.97419,         2342.48,         2251.71
       -4.71239,         2766.09,         2657.98
       -4.45059,         2873.62,         2752.74
       -4.18879,         2649.29,         2546.17
       -3.92699,          2242.2,         2155.18
       -3.66519,         1804.14,         1728.26
       -3.40339,         1421.22,         1364.21
       -3.14159,         1143.64,         1100.84
       -2.87979,         990.127,         949.488
       -2.61799,         943.758,         903.899
       -2.35619,         962.757,         925.909
        -2.0944,         997.006,          958.51
        -1.8326,         1001.35,         959.144
        -1.5708,         945.431,         907.111
         -1.309,           822.1,         791.594
        -1.0472,         643.548,         617.272
      -0.785398,         433.691,         414.243
      -0.523599,         228.814,         220.954
      -0.261799,         68.5263,         67.5814
              0,               0,        -2.16285

          Angle         Potential          Series
              0,               0,        0.851196
       0.174533,         38.1889,         35.0712
       0.349066,          155.46,         149.295
       0.523599,         303.544,         295.978
       0.698132,          450.36,         440.496
       0.872665,         582.932,         567.913
         1.0472,         696.822,         676.431
        1.22173,         789.583,         766.545
        1.39626,         858.217,         835.279
         1.5708,         900.483,         878.015
        1.74533,         917.338,          893.38
        1.91986,         911.042,         885.381
         2.0944,          886.58,         861.181
        2.26893,         850.814,         827.637
        2.44346,         810.902,         790.236
        2.61799,         774.579,         754.773
        2.79253,         749.519,         728.934
        2.96706,         742.811,         721.296
        3.14159,         759.595,         738.357
        3.31613,         803.347,         782.472
        3.49066,         874.755,         852.551
        3.66519,         972.378,         946.345
        3.83972,         1092.45,         1061.54
        4.01426,         1228.89,          1194.4
        4.18879,         1374.07,         1337.43
        4.36332,         1517.88,         1478.59
        4.53786,         1646.22,         1602.44
        4.71239,         1739.27,         1691.26
        4.88692,         1775.11,         1724.89
        5.06145,         1727.57,         1681.06
        5.23599,         1580.81,         1540.41
        5.41052,         1332.01,         1297.63
        5.58505,         1002.82,         973.698
        5.75959,         639.321,         619.382
        5.93412,         310.842,         303.216
        6.10865,         86.4106,         86.8623
        6.28319,               0,        0.851196

          Angle         Potential          Series
              0,               0,        -12.6327
       0.174533,         110.729,         79.9155
       0.349066,         531.275,         512.389
       0.523599,         1333.07,         1325.95
       0.698132,         2422.74,         2382.01
       0.872665,         3499.98,         3386.34
         1.0472,         4174.47,         4020.96
        1.22173,         4214.17,         4104.66
        1.39626,         3735.19,         3676.79
         1.5708,         3023.19,         2953.64
        1.74533,         2290.61,         2197.09
        1.91986,         1658.06,         1589.63
         2.0944,         1207.48,         1188.31
        2.26893,         961.798,         960.546
        2.44346,          867.19,         848.455
        2.61799,         846.266,          807.32
        2.79253,         844.424,         806.119
        2.96706,         836.546,         815.903
        3.14159,          818.72,         812.388
        3.31613,         802.389,         791.014
        3.49066,           800.6,         772.054
        3.66519,         820.325,         782.904
        3.83972,          860.14,         831.611
        4.01426,         912.001,          898.12
        4.18879,         964.775,         952.633
        4.36332,         1009.02,         982.002
        4.53786,         1038.64,         996.392
        4.71239,         1049.76,         1009.75
        4.88692,          1038.8,         1016.27
        5.06145,           999.8,         989.814
        5.23599,         925.314,         907.904
        5.41052,         808.551,         774.004
        5.58505,         648.554,         612.596
        5.75959,         455.754,         443.084
        5.93412,         252.804,          266.96
        6.10865,          79.493,         93.7128
        6.28319,               0,        -12.6327

          Angle         Potential          Series
       -5.23599,         288.952,         556.755
       -4.71239,          465.27,         407.064
       -4.18879,         525.701,         507.679
       -3.66519,         474.568,         415.647
       -3.14159,         409.148,         400.092
       -2.61799,         373.146,         322.026
        -2.0944,         346.159,         341.948
        -1.5708,         325.749,         278.275
        -1.0472,          268.34,         270.115
      -0.523599,         117.671,         86.2032
              0,               0,         22.4163
       0.523599,          80.399,         51.7982
         1.0472,         289.915,         556.755


Eq fraction matrix:
{
 -4.18939e-03  1.00000e+00  0.00000e+00
  0.00000e+00 -4.88643e-02  1.00000e+00
  1.00000e+00  1.00000e+00  1.00000e+00
}
inverse of Eq fraction matrix:
{
 -1.04428e+00 -9.95625e-01  9.95625e-01
  9.95625e-01 -4.17106e-03  4.17106e-03
  4.86505e-02  9.99796e-01  2.03816e-04
}
Equilibrium Fraction for CH3OCH2 = 0.995625
Equilibrium Fraction for IM1 = 0.00417106
Equilibrium Fraction for IM2 = 0.000203816

Bartis Widom eigenvalue/eigenvector analysis

Number of sinks in this system: 3

There should be 3 chemically significant eigenvalues (CSEs)

WARNING: Chemically significant eigenvalues (CSE) not well separated from internal energy relaxation eigenvals (IEREs).

The last CSE = -1.33718e+08 and the first IERE = -2.2581e+08
(last CSE)/(first IERE) ratio = 0.592169, which is less than an order of magnitude

Results obtained from Bartis Widom eigenvalue-vector analysis may be unreliable

Y_matrix:
{
   1.032028e+06,   1.440428e+05,  -8.144467e+03,
   5.842159e+00,   1.880225e+00,  -5.313403e-01,
   1.343136e+00,   4.674161e-01,  -1.486055e-01,
}

Z_matrix: {
-1.306194e-04	-2.663893e-02	-9.974545e-01	
-3.476652e-03	6.446713e-02	-1.721263e-03	
1.425571e-02	7.681994e-04	-2.238306e-05	
}

Z_matrix^(-1):
{
-1.311933e-04	-8.335173e-01	6.994405e+01	
-2.675599e-02	1.545581e+01	3.769084e+00	
-1.001837e+00	-4.126679e-01	-1.098200e-01	
}

Z_matrix * Z_matrix^(-1) [Identity matrix]:
{
1.000000e+00	3.857574e-65	3.086060e-65	
2.179159e-67	1.000000e+00	-3.495927e-66	
2.318254e-69	-1.377043e-66	1.000000e+00	
}

Kr matrix:
{
-1.081893e+04	1.521910e+06	1.596265e+06	
6.375873e+03	-4.113931e+06	3.160762e+07	
3.267739e+02	1.544484e+06	-1.333413e+08	
}

Kp matrix:
{
   4.170028e+03,   1.369446e+06,   7.272804e+07,
   4.812429e-01,   2.441012e+01,   4.157693e+02,
   1.361962e-01,   6.166093e+00,   9.572241e+01,
}

First order & pseudo first order rate coefficients for loss rxns:
{
CH3OCH2 loss = -1.081893e+04
IM1 loss = -4.113931e+06
IM2 loss = -1.333413e+08
}

First order & pseudo first order rate coefficients for isomerization rxns:
{
CH3OCH2 -> IM1 = 6.375873e+03
CH3OCH2 -> IM2 = 3.267739e+02
IM1 -> CH3OCH2 = 1.521910e+06
IM1 -> IM2 = 1.544484e+06
IM2 -> CH3OCH2 = 1.596265e+06
IM2 -> IM1 = 3.160762e+07
}

First order & pseudo first order rate coefficients for irreversible rxns:
{
CH3OCH2 -> OH-1 = 4.170028e+03
IM1 -> OH-1 = 1.369446e+06
IM2 -> OH-1 = 7.272804e+07
CH3OCH2 -> OH-2 = 4.812429e-01
IM1 -> OH-2 = 2.441012e+01
IM2 -> OH-2 = 4.157693e+02
CH3OCH2 -> OH-3 = 1.361962e-01
IM1 -> OH-3 = 6.166093e+00
IM2 -> OH-3 = 9.572241e+01
}


Eq fraction matrix:
{
 -4.18939e-03  1.00000e+00  0.00000e+00
  0.00000e+00 -4.88643e-02  1.00000e+00
  1.00000e+00  1.00000e+00  1.00000e+00
}
inverse of Eq fraction matrix:
{
 -1.04428e+00 -9.95625e-01  9.95625e-01
  9.95625e-01 -4.17106e-03  4.17106e-03
  4.86505e-02  9.99796e-01  2.03816e-04
}
Equilibrium Fraction for CH3OCH2 = 0.995625
Equilibrium Fraction for IM1 = 0.00417106
Equilibrium Fraction for IM2 = 0.000203816

Bartis Widom eigenvalue/eigenvector analysis

Number of sinks in this system: 3

There should be 3 chemically significant eigenvalues (CSEs)

Y_matrix:
{
  -2.811183e+05,   8.028591e+04,   6.840019e+03,
  -1.232918e+00,   3.818863e-01,   5.347348e-01,
  -2.847466e-01,   8.775455e-02,   1.500807e-01,
}

Z_matrix: {
2.005953e-04	-1.611607e-02	9.976800e-01	
5.103178e-03	6.437344e-02	1.038833e-03	
-1.423177e-02	1.127878e-03	2.108069e-05	
}

Z_matrix^(-1):
{
2.014767e-04	1.223472e+00	-6.982660e+01	
-1.618688e-02	1.543335e+01	5.533806e+00	
1.002064e+00	2.490573e-01	1.034300e-01	
}

Z_matrix * Z_matrix^(-1) [Identity matrix]:
{
1.000000e+00	1.424335e-65	-5.934730e-67	
1.112762e-67	1.000000e+00	2.096629e-65	
2.608036e-69	1.406601e-66	1.000000e+00	
}

Kr matrix:
{
-7.280865e+03	3.944034e+05	7.881826e+05	
1.652309e+03	-1.913724e+06	1.577007e+07	
1.613500e+02	7.705931e+05	-4.561700e+07	
}

Kp matrix:
{
   5.497919e+03,   8.968436e+05,   2.007453e+07,
   5.294085e-01,   4.518523e+00,   8.825906e+01,
   1.489126e-01,   1.043346e+00,   2.038402e+01,
}

First order & pseudo first order rate coefficients for loss rxns:
{
CH3OCH2 loss = -7.280865e+03
IM1 loss = -1.913724e+06
IM2 loss = -4.561700e+07
}

First order & pseudo first order rate coefficients for isomerization rxns:
{
CH3OCH2 -> IM1 = 1.652309e+03
CH3OCH2 -> IM2 = 1.613500e+02
IM1 -> CH3OCH2 = 3.944034e+05
IM1 -> IM2 = 7.705931e+05
IM2 -> CH3OCH2 = 7.881826e+05
IM2 -> IM1 = 1.577007e+07
}

First order & pseudo first order rate coefficients for irreversible rxns:
{
CH3OCH2 -> OH-1 = 5.497919e+03
IM1 -> OH-1 = 8.968436e+05
IM2 -> OH-1 = 2.007453e+07
CH3OCH2 -> OH-2 = 5.294085e-01
IM1 -> OH-2 = 4.518523e+00
IM2 -> OH-2 = 8.825906e+01
CH3OCH2 -> OH-3 = 1.489126e-01
IM1 -> OH-3 = 1.043346e+00
IM2 -> OH-3 = 2.038402e+01
}


Eq fraction matrix:
{
 -4.18939e-03  1.00000e+00  0.00000e+00
  0.00000e+00 -4.88643e-02  1.00000e+00
  1.00000e+00  1.00000e+00  1.00000e+00
}
inverse of Eq fraction matrix:
{
 -1.04428e+00 -9.95625e-01  9.95625e-01
  9.95625e-01 -4.17106e-03  4.17106e-03
  4.86505e-02  9.99796e-01  2.03816e-04
}
Equilibrium Fraction for CH3OCH2 = 0.995625
Equilibrium Fraction for IM1 = 0.00417106
Equilibrium Fraction for IM2 = 0.000203816

Bartis Widom eigenvalue/eigenvector analysis

Number of sinks in this system: 3

There should be 3 chemically significant eigenvalues (CSEs)

Y_matrix:
{
   4.548405e+04,   1.693193e+04,  -6.018200e+03,
   2.310537e-02,   6.218910e-03,  -5.445212e-01,
   4.181646e-03,   9.859233e-04,  -1.527309e-01,
}

Z_matrix: {
-8.810743e-05	-3.475884e-03	-9.978041e-01	
-5.559569e-03	6.434363e-02	-2.236522e-04	
1.422342e-02	1.228946e-03	-5.537020e-06	
}

Z_matrix^(-1):
{
-8.849458e-05	-1.332891e+00	6.978560e+01	
-3.491157e-03	1.542620e+01	6.029685e+00	
-1.002189e+00	-5.361999e-02	-2.716677e-02	
}

Z_matrix * Z_matrix^(-1) [Identity matrix]:
{
1.000000e+00	-3.560838e-66	-1.038578e-65	
-3.245555e-68	1.000000e+00	-5.920560e-65	
-2.608036e-69	-1.367715e-66	1.000000e+00	
}

Kr matrix:
{
-6.037791e+03	1.424681e+04	3.348328e+04	
5.968543e+01	-3.129531e+05	1.641441e+06	
6.854414e+00	8.020786e+04	-4.481010e+06	
}

Kp matrix:
{
   5.968235e+03,   2.008928e+05,   3.276389e+06,
   5.456892e-01,   9.433444e-02,   1.664713e+00,
   1.530613e-01,   1.782480e-02,   3.019127e-01,
}

First order & pseudo first order rate coefficients for loss rxns:
{
CH3OCH2 loss = -6.037791e+03
IM1 loss = -3.129531e+05
IM2 loss = -4.481010e+06
}

First order & pseudo first order rate coefficients for isomerization rxns:
{
CH3OCH2 -> IM1 = 5.968543e+01
CH3OCH2 -> IM2 = 6.854414e+00
IM1 -> CH3OCH2 = 1.424681e+04
IM1 -> IM2 = 8.020786e+04
IM2 -> CH3OCH2 = 3.348328e+04
IM2 -> IM1 = 1.641441e+06
}

First order & pseudo first order rate coefficients for irreversible rxns:
{
CH3OCH2 -> OH-1 = 5.968235e+03
IM1 -> OH-1 = 2.008928e+05
IM2 -> OH-1 = 3.276389e+06
CH3OCH2 -> OH-2 = 5.456892e-01
IM1 -> OH-2 = 9.433444e-02
IM2 -> OH-2 = 1.664713e+00
CH3OCH2 -> OH-3 = 1.530613e-01
IM1 -> OH-3 = 1.782480e-02
IM2 -> OH-3 = 3.019127e-01
}


Eq fraction matrix:
{
 -4.18939e-03  1.00000e+00  0.00000e+00
  0.00000e+00 -4.88643e-02  1.00000e+00
  1.00000e+00  1.00000e+00  1.00000e+00
}
inverse of Eq fraction matrix:
{
 -1.04428e+00 -9.95625e-01  9.95625e-01
  9.95625e-01 -4.17106e-03  4.17106e-03
  4.86505e-02  9.99796e-01  2.03816e-04
}
Equilibrium Fraction for CH3OCH2 = 0.995625
Equilibrium Fraction for IM1 = 0.00417106
Equilibrium Fraction for IM2 = 0.000203816

Bartis Widom eigenvalue/eigenvector analysis

Number of sinks in this system: 3

There should be 3 chemically significant eigenvalues (CSEs)

Y_matrix:
{
   4.663857e+03,  -1.933676e+03,  -5.902729e+03,
   1.244823e-05,   1.895874e-05,  -5.460423e-01,
   4.286462e-07,   6.516375e-06,  -1.531069e-01,
}

Z_matrix: {
-1.802530e-05	9.551309e-04	-9.978097e-01	
-4.448787e-03	-6.443032e-02	-6.159410e-05	
1.424250e-02	-9.834155e-04	-1.198641e-06	
}

Z_matrix^(-1):
{
-1.810451e-05	-1.066584e+00	6.987923e+01	
9.593278e-04	-1.544698e+01	-4.825018e+00	
-1.002194e+00	-1.476701e-02	-5.880999e-03	
}

Z_matrix * Z_matrix^(-1) [Identity matrix]:
{
1.000000e+00	3.894666e-67	-7.418412e-67	
3.260044e-69	1.000000e+00	-5.918819e-65	
-1.086681e-70	-2.968013e-66	1.000000e+00	
}

Kr matrix:
{
-5.919623e+03	3.799565e+02	5.963638e+02	
1.591786e+00	-3.383077e+04	1.091770e+05	
1.220825e-01	5.334857e+03	-3.816875e+05	
}

Kp matrix:
{
   5.913741e+03,   2.498223e+04,   3.352715e+05,
   5.472404e-01,   7.757280e-03,   3.989671e-03,
   1.534429e-01,   2.159816e-03,   8.989335e-04,
}

First order & pseudo first order rate coefficients for loss rxns:
{
CH3OCH2 loss = -5.919623e+03
IM1 loss = -3.383077e+04
IM2 loss = -3.816875e+05
}

First order & pseudo first order rate coefficients for isomerization rxns:
{
CH3OCH2 -> IM1 = 1.591786e+00
CH3OCH2 -> IM2 = 1.220825e-01
IM1 -> CH3OCH2 = 3.799565e+02
IM1 -> IM2 = 5.334857e+03
IM2 -> CH3OCH2 = 5.963638e+02
IM2 -> IM1 = 1.091770e+05
}

First order & pseudo first order rate coefficients for irreversible rxns:
{
CH3OCH2 -> OH-1 = 5.913741e+03
IM1 -> OH-1 = 2.498223e+04
IM2 -> OH-1 = 3.352715e+05
CH3OCH2 -> OH-2 = 5.472404e-01
IM1 -> OH-2 = 7.757280e-03
IM2 -> OH-2 = 3.989671e-03
CH3OCH2 -> OH-3 = 1.534429e-01
IM1 -> OH-3 = 2.159816e-03
IM2 -> OH-3 = 8.989335e-04
}


Eq fraction matrix:
{
 -4.18939e-03  1.00000e+00  0.00000e+00
  0.00000e+00 -4.88643e-02  1.00000e+00
  1.00000e+00  1.00000e+00  1.00000e+00
}
inverse of Eq fraction matrix:
{
 -1.04428e+00 -9.95625e-01  9.95625e-01
  9.95625e-01 -4.17106e-03  4.17106e-03
  4.86505e-02  9.99796e-01  2.03816e-04
}
Equilibrium Fraction for CH3OCH2 = 0.995625
Equilibrium Fraction for IM1 = 0.00417106
Equilibrium Fraction for IM2 = 0.000203816

Bartis Widom eigenvalue/eigenvector analysis

Number of sinks in this system: 3

There should be 3 chemically significant eigenvalues (CSEs)

Y_matrix:
{
  -1.021374e+03,   4.417637e+02,  -5.894938e+03,
   6.183361e-08,  -2.198793e-06,  -5.461451e-01,
   2.825159e-08,  -6.211255e-07,  -1.531316e-01,
}

Z_matrix: {
2.303481e-05	-9.023124e-04	-9.978098e-01	
3.801332e-03	6.447176e-02	-5.821360e-05	
-1.425166e-02	8.402940e-04	-1.088877e-06	
}

Z_matrix^(-1):
{
2.313603e-05	9.113585e-01	-6.992418e+01	
-9.062772e-04	1.545692e+01	4.122809e+00	
-1.002194e+00	-1.395655e-02	-5.342452e-03	
}

Z_matrix * Z_matrix^(-1) [Identity matrix]:
{
1.000000e+00	-2.151340e-66	1.357569e-65	
-1.332996e-68	1.000000e+00	-2.302325e-63	
2.716704e-69	-1.109548e-64	1.000000e+00	
}

Kr matrix:
{
-5.911808e+03	2.079906e+01	1.251251e+02	
8.713538e-02	-7.765212e+03	1.923896e+04	
2.561454e-02	9.400982e+02	-7.964369e+04	
}

Kp matrix:
{
   5.907449e+03,   5.979741e+03,   7.327154e+04,
   5.473435e-01,   7.588369e-03,   2.904366e-03,
   1.534676e-01,   2.127613e-03,   8.135622e-04,
}

First order & pseudo first order rate coefficients for loss rxns:
{
CH3OCH2 loss = -5.911808e+03
IM1 loss = -7.765212e+03
IM2 loss = -7.964369e+04
}

First order & pseudo first order rate coefficients for isomerization rxns:
{
CH3OCH2 -> IM1 = 8.713538e-02
CH3OCH2 -> IM2 = 2.561454e-02
IM1 -> CH3OCH2 = 2.079906e+01
IM1 -> IM2 = 9.400982e+02
IM2 -> CH3OCH2 = 1.251251e+02
IM2 -> IM1 = 1.923896e+04
}

First order & pseudo first order rate coefficients for irreversible rxns:
{
CH3OCH2 -> OH-1 = 5.907449e+03
IM1 -> OH-1 = 5.979741e+03
IM2 -> OH-1 = 7.327154e+04
CH3OCH2 -> OH-2 = 5.473435e-01
IM1 -> OH-2 = 7.588369e-03
IM2 -> OH-2 = 2.904366e-03
CH3OCH2 -> OH-3 = 1.534676e-01
IM1 -> OH-3 = 2.127613e-03
IM2 -> OH-3 = 8.135622e-04
}


Eq fraction matrix:
{
 -3.08247e+00  1.00000e+00  0.00000e+00
  0.00000e+00 -4.43421e-03  1.00000e+00
  1.00000e+00  1.00000e+00  1.00000e+00
}
inverse of Eq fraction matrix:
{
 -2.45215e-01 -2.44132e-01  2.44132e-01
  2.44132e-01 -7.52531e-01  7.52531e-01
  1.08254e-03  9.96663e-01  3.33688e-03
}
Equilibrium Fraction for CH3OCH2 = 0.244132
Equilibrium Fraction for IM1 = 0.752531
Equilibrium Fraction for IM2 = 0.00333688

Bartis Widom eigenvalue/eigenvector analysis

Number of sinks in this system: 3

There should be 3 chemically significant eigenvalues (CSEs)

Y_matrix:
{
   9.134533e+05,   4.808955e+04,  -2.278940e+04,
   2.873382e+00,   1.914900e-01,  -2.186505e-01,
   6.299255e-01,   4.230791e-02,  -5.535836e-02,
}

Z_matrix: {
-9.848811e-05	-1.907188e-01	-4.558057e-01	
-3.487336e-02	7.996120e-01	-3.345671e-01	
5.771906e-02	2.137804e-03	-9.069742e-04	
}

Z_matrix^(-1):
{
-4.034208e-04	-4.634145e-02	1.729730e+01	
-7.812101e-01	1.062564e+00	6.406591e-01	
-1.867042e+00	-4.445893e-01	-2.718029e-01	
}

Z_matrix * Z_matrix^(-1) [Identity matrix]:
{
1.000000e+00	8.308622e-66	-3.560838e-66	
-1.364988e-65	1.000000e+00	-9.495568e-66	
-2.040063e-67	-9.736666e-68	1.000000e+00	
}

Kr matrix:
{
-3.627501e+04	9.931213e+03	7.791734e+04	
3.061265e+04	-1.393999e+05	2.540262e+07	
1.065000e+03	1.126407e+05	-4.211524e+07	
}

Kp matrix:
{
   4.612221e+03,   1.889940e+04,   1.583728e+07,
   2.574767e-01,   1.675234e-01,   4.988385e+01,
   7.005092e-02,   4.037494e-02,   1.093816e+01,
}

First order & pseudo first order rate coefficients for loss rxns:
{
CH3OCH2 loss = -3.627501e+04
IM1 loss = -1.393999e+05
IM2 loss = -4.211524e+07
}

First order & pseudo first order rate coefficients for isomerization rxns:
{
CH3OCH2 -> IM1 = 3.061265e+04
CH3OCH2 -> IM2 = 1.065000e+03
IM1 -> CH3OCH2 = 9.931213e+03
IM1 -> IM2 = 1.126407e+05
IM2 -> CH3OCH2 = 7.791734e+04
IM2 -> IM1 = 2.540262e+07
}

First order & pseudo first order rate coefficients for irreversible rxns:
{
CH3OCH2 -> OH-1 = 4.612221e+03
IM1 -> OH-1 = 1.889940e+04
IM2 -> OH-1 = 1.583728e+07
CH3OCH2 -> OH-2 = 2.574767e-01
IM1 -> OH-2 = 1.675234e-01
IM2 -> OH-2 = 4.988385e+01
CH3OCH2 -> OH-3 = 7.005092e-02
IM1 -> OH-3 = 4.037494e-02
IM2 -> OH-3 = 1.093816e+01
}


Eq fraction matrix:
{
 -3.08247e+00  1.00000e+00  0.00000e+00
  0.00000e+00 -4.43421e-03  1.00000e+00
  1.00000e+00  1.00000e+00  1.00000e+00
}
inverse of Eq fraction matrix:
{
 -2.45215e-01 -2.44132e-01  2.44132e-01
  2.44132e-01 -7.52531e-01  7.52531e-01
  1.08254e-03  9.96663e-01  3.33688e-03
}
Equilibrium Fraction for CH3OCH2 = 0.244132
Equilibrium Fraction for IM1 = 0.752531
Equilibrium Fraction for IM2 = 0.00333688

Bartis Widom eigenvalue/eigenvector analysis

Number of sinks in this system: 3

There should be 3 chemically significant eigenvalues (CSEs)

Y_matrix:
{
   2.697090e+05,  -2.996019e+04,   1.719033e+04,
   2.083000e-01,   8.180660e-03,   2.133662e-01,
   4.087960e-02,   5.384920e-03,   5.569765e-02,
}

Z_matrix: {
-1.762606e-04	1.769955e-01	4.613080e-01	
-4.441146e-02	-8.088602e-01	3.103280e-01	
5.769000e-02	-2.753725e-03	1.078597e-03	
}

Z_matrix^(-1):
{
-7.219875e-04	-5.901615e-02	1.728859e+01	
7.249977e-01	-1.074853e+00	-8.252388e-01	
1.889581e+00	4.123792e-01	3.232349e-01	
}

Z_matrix * Z_matrix^(-1) [Identity matrix]:
{
1.000000e+00	-3.382796e-65	-2.166176e-65	
-7.596454e-65	1.000000e+00	2.089025e-64	
-1.831421e-67	7.232952e-67	1.000000e+00	
}

Kr matrix:
{
-2.547901e+04	4.488467e+03	8.170374e+04	
1.383556e+04	-1.111320e+05	1.964994e+07	
1.116753e+03	8.713206e+04	-2.556905e+07	
}

Kp matrix:
{
   1.056672e+04,   2.337457e+04,   4.693169e+06,
   4.089532e-01,   6.690172e-02,   3.663430e+00,
   1.091197e-01,   1.476799e-02,   7.203103e-01,
}

First order & pseudo first order rate coefficients for loss rxns:
{
CH3OCH2 loss = -2.547901e+04
IM1 loss = -1.111320e+05
IM2 loss = -2.556905e+07
}

First order & pseudo first order rate coefficients for isomerization rxns:
{
CH3OCH2 -> IM1 = 1.383556e+04
CH3OCH2 -> IM2 = 1.116753e+03
IM1 -> CH3OCH2 = 4.488467e+03
IM1 -> IM2 = 8.713206e+04
IM2 -> CH3OCH2 = 8.170374e+04
IM2 -> IM1 = 1.964994e+07
}

First order & pseudo first order rate coefficients for irreversible rxns:
{
CH3OCH2 -> OH-1 = 1.056672e+04
IM1 -> OH-1 = 2.337457e+04
IM2 -> OH-1 = 4.693169e+06
CH3OCH2 -> OH-2 = 4.089532e-01
IM1 -> OH-2 = 6.690172e-02
IM2 -> OH-2 = 3.663430e+00
CH3OCH2 -> OH-3 = 1.091197e-01
IM1 -> OH-3 = 1.476799e-02
IM2 -> OH-3 = 7.203103e-01
}


Eq fraction matrix:
{
 -3.08247e+00  1.00000e+00  0.00000e+00
  0.00000e+00 -4.43421e-03  1.00000e+00
  1.00000e+00  1.00000e+00  1.00000e+00
}
inverse of Eq fraction matrix:
{
 -2.45215e-01 -2.44132e-01  2.44132e-01
  2.44132e-01 -7.52531e-01  7.52531e-01
  1.08254e-03  9.96663e-01  3.33688e-03
}
Equilibrium Fraction for CH3OCH2 = 0.244132
Equilibrium Fraction for IM1 = 0.752531
Equilibrium Fraction for IM2 = 0.00333688

Bartis Widom eigenvalue/eigenvector analysis

Number of sinks in this system: 3

There should be 3 chemically significant eigenvalues (CSEs)

Y_matrix:
{
   7.425766e+04,   6.530867e+03,   1.302048e+04,
   2.211893e-02,   2.486344e-01,   3.968008e-02,
   3.861829e-03,   6.528685e-02,   1.014834e-02,
}

Z_matrix: {
-1.240408e-04	4.888158e-01	7.205285e-02	
-4.874639e-02	-1.263151e-01	8.568541e-01	
5.767448e-02	-4.590333e-04	3.213429e-03	
}

Z_matrix^(-1):
{
-5.080881e-04	-6.477661e-02	1.728394e+01	
2.002256e+00	-1.678538e-01	-1.375635e-01	
2.951383e-01	1.138630e+00	9.630033e-01	
}

Z_matrix * Z_matrix^(-1) [Identity matrix]:
{
1.000000e+00	-3.560838e-66	-4.747784e-66	
-2.418402e-65	1.000000e+00	-1.519291e-64	
4.636508e-69	-6.676571e-67	1.000000e+00	
}

Kr matrix:
{
-1.795545e+04	2.887188e+02	1.193807e+04	
8.899665e+02	-3.125700e+04	4.584365e+06	
1.631735e+02	2.032806e+04	-5.438083e+06	
}

Kp matrix:
{
   1.688158e+04,   8.919118e+03,   1.295105e+06,
   5.095296e-01,   2.013923e-03,   3.863114e-01,
   1.337142e-01,   3.464038e-04,   6.753942e-02,
}

First order & pseudo first order rate coefficients for loss rxns:
{
CH3OCH2 loss = -1.795545e+04
IM1 loss = -3.125700e+04
IM2 loss = -5.438083e+06
}

First order & pseudo first order rate coefficients for isomerization rxns:
{
CH3OCH2 -> IM1 = 8.899665e+02
CH3OCH2 -> IM2 = 1.631735e+02
IM1 -> CH3OCH2 = 2.887188e+02
IM1 -> IM2 = 2.032806e+04
IM2 -> CH3OCH2 = 1.193807e+04
IM2 -> IM1 = 4.584365e+06
}

First order & pseudo first order rate coefficients for irreversible rxns:
{
CH3OCH2 -> OH-1 = 1.688158e+04
IM1 -> OH-1 = 8.919118e+03
IM2 -> OH-1 = 1.295105e+06
CH3OCH2 -> OH-2 = 5.095296e-01
IM1 -> OH-2 = 2.013923e-03
IM2 -> OH-2 = 3.863114e-01
CH3OCH2 -> OH-3 = 1.337142e-01
IM1 -> OH-3 = 3.464038e-04
IM2 -> OH-3 = 6.753942e-02
}


Eq fraction matrix:
{
 -3.08247e+00  1.00000e+00  0.00000e+00
  0.00000e+00 -4.43421e-03  1.00000e+00
  1.00000e+00  1.00000e+00  1.00000e+00
}
inverse of Eq fraction matrix:
{
 -2.45215e-01 -2.44132e-01  2.44132e-01
  2.44132e-01 -7.52531e-01  7.52531e-01
  1.08254e-03  9.96663e-01  3.33688e-03
}
Equilibrium Fraction for CH3OCH2 = 0.244132
Equilibrium Fraction for IM1 = 0.752531
Equilibrium Fraction for IM2 = 0.00333688

Bartis Widom eigenvalue/eigenvector analysis

Number of sinks in this system: 3

There should be 3 chemically significant eigenvalues (CSEs)

Y_matrix:
{
  -1.091166e+04,   8.372890e+03,   2.258621e+03,
  -1.940815e-05,   2.581214e-01,   4.070692e-05,
  -7.498847e-07,   6.753402e-02,   9.815839e-06,
}

Z_matrix: {
3.063703e-05	4.940976e-01	6.847515e-05	
4.465019e-02	-1.228308e-04	8.663354e-01	
-5.768919e-02	3.165026e-06	2.973252e-03	
}

Z_matrix^(-1):
{
1.254935e-04	5.933339e-02	-1.728835e+01	
2.023891e+00	-1.632236e-04	9.484978e-04	
2.804836e-04	1.151229e+00	8.910270e-01	
}

Z_matrix * Z_matrix^(-1) [Identity matrix]:
{
1.000000e+00	1.564821e-68	1.437317e-67	
2.941285e-68	1.000000e+00	4.842740e-64	
1.340241e-69	1.780419e-66	1.000000e+00	
}

Kr matrix:
{
-1.696081e+04	3.997116e-01	2.141307e+02	
1.232098e+00	-3.710663e+03	3.218771e+05	
2.926809e+00	1.427272e+03	-4.184794e+05	
}

Kp matrix:
{
   1.694508e+04,   1.951398e+03,   1.906651e+05,
   5.224097e-01,   3.579947e-06,   6.166334e-04,
   1.366815e-01,   2.326412e-07,   8.576631e-05,
}

First order & pseudo first order rate coefficients for loss rxns:
{
CH3OCH2 loss = -1.696081e+04
IM1 loss = -3.710663e+03
IM2 loss = -4.184794e+05
}

First order & pseudo first order rate coefficients for isomerization rxns:
{
CH3OCH2 -> IM1 = 1.232098e+00
CH3OCH2 -> IM2 = 2.926809e+00
IM1 -> CH3OCH2 = 3.997116e-01
IM1 -> IM2 = 1.427272e+03
IM2 -> CH3OCH2 = 2.141307e+02
IM2 -> IM1 = 3.218771e+05
}

First order & pseudo first order rate coefficients for irreversible rxns:
{
CH3OCH2 -> OH-1 = 1.694508e+04
IM1 -> OH-1 = 1.951398e+03
IM2 -> OH-1 = 1.906651e+05
CH3OCH2 -> OH-2 = 5.224097e-01
IM1 -> OH-2 = 3.579947e-06
IM2 -> OH-2 = 6.166334e-04
CH3OCH2 -> OH-3 = 1.366815e-01
IM1 -> OH-3 = 2.326412e-07
IM2 -> OH-3 = 8.576631e-05
}


Eq fraction matrix:
{
 -3.08247e+00  1.00000e+00  0.00000e+00
  0.00000e+00 -4.43421e-03  1.00000e+00
  1.00000e+00  1.00000e+00  1.00000e+00
}
inverse of Eq fraction matrix:
{
 -2.45215e-01 -2.44132e-01  2.44132e-01
  2.44132e-01 -7.52531e-01  7.52531e-01
  1.08254e-03  9.96663e-01  3.33688e-03
}
Equilibrium Fraction for CH3OCH2 = 0.244132
Equilibrium Fraction for IM1 = 0.752531
Equilibrium Fraction for IM2 = 0.00333688

Bartis Widom eigenvalue/eigenvector analysis

Number of sinks in this system: 3

There should be 3 chemically significant eigenvalues (CSEs)

Y_matrix:
{
  -2.799423e+03,  -8.340511e+03,   6.448281e+02,
   1.255036e-07,  -2.585608e-01,   2.065366e-07,
   4.825644e-08,  -6.763188e-02,   5.057479e-08,
}

Z_matrix: {
2.514878e-05	-4.940976e-01	3.626027e-07	
4.139209e-02	2.742686e-06	8.664972e-01	
-5.769996e-02	-2.934813e-06	2.756295e-03	
}

Z_matrix^(-1):
{
1.030128e-04	5.500386e-02	-1.729158e+01	
-2.023891e+00	3.644617e-06	-8.795074e-04	
1.485270e-06	1.151444e+00	8.260091e-01	
}

Z_matrix * Z_matrix^(-1) [Identity matrix]:
{
1.000000e+00	-1.927954e-68	1.660812e-68	
-5.987615e-68	1.000000e+00	-6.978037e-64	
1.057675e-70	-2.967365e-66	1.000000e+00	
}

Kr matrix:
{
-1.689134e+04	-8.611807e-02	2.919706e+01	
-2.654562e-01	-9.347340e+02	5.960355e+04	
3.990750e-01	2.642950e+02	-8.383160e+04	
}

Kp matrix:
{
   1.688000e+04,   5.884742e+02,   4.894640e+04,
   5.232989e-01,  -6.976364e-07,   2.254066e-04,
   1.368796e-01,  -1.856040e-07,   5.869009e-05,
}

First order & pseudo first order rate coefficients for loss rxns:
{
CH3OCH2 loss = -1.689134e+04
IM1 loss = -9.347340e+02
IM2 loss = -8.383160e+04
}

First order & pseudo first order rate coefficients for isomerization rxns:
{
CH3OCH2 -> IM1 = -2.654562e-01
CH3OCH2 -> IM2 = 3.990750e-01
IM1 -> CH3OCH2 = -8.611807e-02
IM1 -> IM2 = 2.642950e+02
IM2 -> CH3OCH2 = 2.919706e+01
IM2 -> IM1 = 5.960355e+04
}

First order & pseudo first order rate coefficients for irreversible rxns:
{
CH3OCH2 -> OH-1 = 1.688000e+04
IM1 -> OH-1 = 5.884742e+02
IM2 -> OH-1 = 4.894640e+04
CH3OCH2 -> OH-2 = 5.232989e-01
IM1 -> OH-2 = -6.976364e-07
IM2 -> OH-2 = 2.254066e-04
CH3OCH2 -> OH-3 = 1.368796e-01
