
Eq fraction matrix:
{
 -1.6571e+027            1            0
            0 -3.0953e-011            1
            1            1            1
}
inverse of Eq fraction matrix:
{
 -6.0345e-028 -6.0345e-028  6.0345e-028
  6.0345e-028           -1            1
  1.8679e-038            1  3.0953e-011
}
Equilibrium Fraction for CH3OCH2 = 6.03454e-28
Equilibrium Fraction for IM1 = 1
Equilibrium Fraction for IM2 = 3.09535e-11

Bartis Widom eigenvalue/eigenvector analysis

Number of sinks in this system: 3

There should be 3 chemically significant eigenvalues (CSEs)

Y_matrix:
{
 -1.763230e-013 -1.663823e-009  1.979432e-016
 -1.414979e-026 -3.715455e-017  1.468009e-029
 -3.193163e-029 -1.099685e-019  2.960710e-032
}

Z_matrix: {
2.753109e-25	-2.456498e-14	1.407855e-28	
5.614375e-06	5.666052e-15	1.000000e+00	
-5.557966e-06	-9.037864e-17	3.126747e-11	
}

Z_matrix^(-1):
{
6.619628e+02	5.625704e-06	-1.799219e+05	
-4.070836e+13	5.794198e-15	-2.016467e-06	
2.269392e-01	1.000000e+00	1.010149e+00	
}

Z_matrix * Z_matrix^(-1) [Identity matrix]:
{
1.000000e+00	3.968403e-84	5.600740e-84	
-5.990405e-47	1.000000e+00	-3.798227e-65	
1.598357e-46	-4.591100e-65	1.000000e+00	
}

Kr matrix:
{
-8.789614e+04	1.231087e-23	2.034980e-15	
1.979440e+04	-4.158838e-06	1.302873e+05	
1.511479e+02	4.032823e-06	-1.289783e+05	
}

Kp matrix:
{
  6.773153e+004  1.969512e-016  3.172439e-008
  1.512501e-003  1.438521e-029  2.620779e-021
  4.476638e-006  2.879028e-032  5.966949e-024
}

First order & pseudo first order rate coefficients for loss rxns:
{
CH3OCH2 loss = -8.789614e+04
IM1 loss = -4.158838e-06
IM2 loss = -1.289783e+05
}

First order & pseudo first order rate coefficients for isomerization rxns:
{
CH3OCH2 -> IM1 = 1.979440e+04
CH3OCH2 -> IM2 = 1.511479e+02
IM1 -> CH3OCH2 = 1.231087e-23
IM1 -> IM2 = 4.032823e-06
IM2 -> CH3OCH2 = 2.034980e-15
IM2 -> IM1 = 1.302873e+05
}

First order & pseudo first order rate coefficients for irreversible rxns:
{
CH3OCH2 -> OH-1 = 6.773153e+04
IM1 -> OH-1 = 1.969512e-16
IM2 -> OH-1 = 3.172439e-08
CH3OCH2 -> OH-2 = 1.512501e-03
IM1 -> OH-2 = 1.438521e-29
IM2 -> OH-2 = 2.620779e-21
CH3OCH2 -> OH-3 = 4.476638e-06
IM1 -> OH-3 = 2.879028e-32
IM2 -> OH-3 = 5.966949e-24
}


Eq fraction matrix:
{
 -1.6571e+027            1            0
            0 -3.0953e-011            1
            1            1            1
}
inverse of Eq fraction matrix:
{
 -6.0345e-028 -6.0345e-028  6.0345e-028
  6.0345e-028           -1            1
  1.8679e-038            1  3.0953e-011
}
Equilibrium Fraction for CH3OCH2 = 6.03454e-28
Equilibrium Fraction for IM1 = 1
Equilibrium Fraction for IM2 = 3.09535e-11

Bartis Widom eigenvalue/eigenvector analysis

Number of sinks in this system: 3

There should be 3 chemically significant eigenvalues (CSEs)

Y_matrix:
{
 -1.763230e-013 -1.663823e-009  1.979432e-016
 -1.414979e-026 -3.715455e-017  1.468009e-029
 -3.193163e-029 -1.099685e-019  2.960710e-032
}

Z_matrix: {
2.753109e-25	-2.456498e-14	1.407855e-28	
5.614375e-06	5.666052e-15	1.000000e+00	
-5.557966e-06	-9.037864e-17	3.126747e-11	
}

Z_matrix^(-1):
{
6.619628e+02	5.625704e-06	-1.799219e+05	
-4.070836e+13	5.794198e-15	-2.016467e-06	
2.269392e-01	1.000000e+00	1.010149e+00	
}

Z_matrix * Z_matrix^(-1) [Identity matrix]:
{
1.000000e+00	3.968403e-84	5.600740e-84	
-5.990405e-47	1.000000e+00	-3.798227e-65	
1.598357e-46	-4.591100e-65	1.000000e+00	
}

Kr matrix:
{
-8.789614e+04	1.231087e-23	2.034980e-15	
1.979440e+04	-4.158838e-06	1.302873e+05	
1.511479e+02	4.032823e-06	-1.289783e+05	
}

Kp matrix:
{
  6.773153e+004  1.969512e-016  3.172439e-008
  1.512501e-003  1.438521e-029  2.620779e-021
  4.476638e-006  2.879028e-032  5.966949e-024
}

First order & pseudo first order rate coefficients for loss rxns:
{
CH3OCH2 loss = -8.789614e+04
IM1 loss = -4.158838e-06
IM2 loss = -1.289783e+05
}

First order & pseudo first order rate coefficients for isomerization rxns:
{
CH3OCH2 -> IM1 = 1.979440e+04
CH3OCH2 -> IM2 = 1.511479e+02
IM1 -> CH3OCH2 = 1.231087e-23
IM1 -> IM2 = 4.032823e-06
IM2 -> CH3OCH2 = 2.034980e-15
IM2 -> IM1 = 1.302873e+05
}

First order & pseudo first order rate coefficients for irreversible rxns:
{
CH3OCH2 -> OH-1 = 6.773153e+04
IM1 -> OH-1 = 1.969512e-16
IM2 -> OH-1 = 3.172439e-08
CH3OCH2 -> OH-2 = 1.512501e-03
IM1 -> OH-2 = 1.438521e-29
IM2 -> OH-2 = 2.620779e-21
CH3OCH2 -> OH-3 = 4.476638e-06
IM1 -> OH-3 = 2.879028e-32
IM2 -> OH-3 = 5.966949e-24
}


Eq fraction matrix:
{
 -1.6571e+027            1            0
            0 -3.0953e-011            1
            1            1            1
}
inverse of Eq fraction matrix:
{
 -6.0345e-028 -6.0345e-028  6.0345e-028
  6.0345e-028           -1            1
  1.8679e-038            1  3.0953e-011
}
Equilibrium Fraction for CH3OCH2 = 6.03454e-28
Equilibrium Fraction for IM1 = 1
Equilibrium Fraction for IM2 = 3.09535e-11

Bartis Widom eigenvalue/eigenvector analysis

Number of sinks in this system: 3

There should be 3 chemically significant eigenvalues (CSEs)

Y_matrix:
{
 -1.050011e-012 -8.082611e-010  2.007715e-016
 -1.192703e-025 -1.428052e-017  4.399486e-029
 -2.849129e-028 -4.181007e-020  1.107512e-031
}

Z_matrix: {
1.566395e-24	-2.456524e-14	3.786739e-28	
5.618537e-06	1.575283e-14	1.000000e+00	
-5.562922e-06	-3.713291e-16	3.126291e-11	
}

Z_matrix^(-1):
{
2.717284e+03	5.619873e-06	-1.797616e+05	
-4.070793e+13	1.577338e-14	-1.146245e-05	
6.259980e-01	1.000000e+00	1.009997e+00	
}

Z_matrix * Z_matrix^(-1) [Identity matrix]:
{
1.000000e+00	-5.403937e-84	2.735737e-84	
-1.020322e-46	1.000000e+00	2.848670e-65	
-3.649934e-46	-4.418263e-65	1.000000e+00	
}

Kr matrix:
{
-8.824111e+04	3.298887e-23	1.361794e-14	
5.450039e+04	-4.308434e-06	1.379698e+05	
7.310569e+02	4.270642e-06	-1.366041e+05	
}

Kp matrix:
{
  3.290264e+004  1.948706e-016  1.887518e-007
  5.813305e-004  4.309932e-029  2.160392e-020
  1.702001e-006  1.084906e-031  5.169566e-023
}

First order & pseudo first order rate coefficients for loss rxns:
{
CH3OCH2 loss = -8.824111e+04
IM1 loss = -4.308434e-06
IM2 loss = -1.366041e+05
}

First order & pseudo first order rate coefficients for isomerization rxns:
{
CH3OCH2 -> IM1 = 5.450039e+04
CH3OCH2 -> IM2 = 7.310569e+02
IM1 -> CH3OCH2 = 3.298887e-23
IM1 -> IM2 = 4.270642e-06
IM2 -> CH3OCH2 = 1.361794e-14
IM2 -> IM1 = 1.379698e+05
}

First order & pseudo first order rate coefficients for irreversible rxns:
{
CH3OCH2 -> OH-1 = 3.290264e+04
IM1 -> OH-1 = 1.948706e-16
IM2 -> OH-1 = 1.887518e-07
CH3OCH2 -> OH-2 = 5.813305e-04
IM1 -> OH-2 = 4.309932e-29
IM2 -> OH-2 = 2.160392e-20
CH3OCH2 -> OH-3 = 1.702001e-06
IM1 -> OH-3 = 1.084906e-31
IM2 -> OH-3 = 5.169566e-23
}


Eq fraction matrix:
{
 -1.6571e+027            1            0
            0 -3.0953e-011            1
            1            1            1
}
inverse of Eq fraction matrix:
{
 -6.0345e-028 -6.0345e-028  6.0345e-028
  6.0345e-028           -1            1
  1.8679e-038            1  3.0953e-011
}
Equilibrium Fraction for CH3OCH2 = 6.03454e-28
Equilibrium Fraction for IM1 = 1
Equilibrium Fraction for IM2 = 3.09535e-11

Bartis Widom eigenvalue/eigenvector analysis

Number of sinks in this system: 3

There should be 3 chemically significant eigenvalues (CSEs)

Y_matrix:
{
 -1.050011e-012 -8.082611e-010  2.007715e-016
 -1.192703e-025 -1.428052e-017  4.399486e-029
 -2.849129e-028 -4.181007e-020  1.107512e-031
}

Z_matrix: {
1.566395e-24	-2.456524e-14	3.786739e-28	
5.618537e-06	1.575283e-14	1.000000e+00	
-5.562922e-06	-3.713291e-16	3.126291e-11	
}

Z_matrix^(-1):
{
2.717284e+03	5.619873e-06	-1.797616e+05	
-4.070793e+13	1.577338e-14	-1.146245e-05	
6.259980e-01	1.000000e+00	1.009997e+00	
}

Z_matrix * Z_matrix^(-1) [Identity matrix]:
{
1.000000e+00	-5.403937e-84	2.735737e-84	
-1.020322e-46	1.000000e+00	2.848670e-65	
-3.649934e-46	-4.418263e-65	1.000000e+00	
}

Kr matrix:
{
-8.824111e+04	3.298887e-23	1.361794e-14	
5.450039e+04	-4.308434e-06	1.379698e+05	
7.310569e+02	4.270642e-06	-1.366041e+05	
}

Kp matrix:
{
  3.290264e+004  1.948706e-016  1.887518e-007
  5.813305e-004  4.309932e-029  2.160392e-020
  1.702001e-006  1.084906e-031  5.169566e-023
}

First order & pseudo first order rate coefficients for loss rxns:
{
CH3OCH2 loss = -8.824111e+04
IM1 loss = -4.308434e-06
IM2 loss = -1.366041e+05
}

First order & pseudo first order rate coefficients for isomerization rxns:
{
CH3OCH2 -> IM1 = 5.450039e+04
CH3OCH2 -> IM2 = 7.310569e+02
IM1 -> CH3OCH2 = 3.298887e-23
IM1 -> IM2 = 4.270642e-06
IM2 -> CH3OCH2 = 1.361794e-14
IM2 -> IM1 = 1.379698e+05
}

First order & pseudo first order rate coefficients for irreversible rxns:
{
CH3OCH2 -> OH-1 = 3.290264e+04
IM1 -> OH-1 = 1.948706e-16
IM2 -> OH-1 = 1.887518e-07
CH3OCH2 -> OH-2 = 5.813305e-04
IM1 -> OH-2 = 4.309932e-29
IM2 -> OH-2 = 2.160392e-20
CH3OCH2 -> OH-3 = 1.702001e-06
IM1 -> OH-3 = 1.084906e-31
IM2 -> OH-3 = 5.169566e-23
}


Eq fraction matrix:
{
 -1.6571e+027            1            0
            0 -3.0953e-011            1
            1            1            1
}
inverse of Eq fraction matrix:
{
 -6.0345e-028 -6.0345e-028  6.0345e-028
  6.0345e-028           -1            1
  1.8679e-038            1  3.0953e-011
}
Equilibrium Fraction for CH3OCH2 = 6.03454e-28
Equilibrium Fraction for IM1 = 1
Equilibrium Fraction for IM2 = 3.09535e-11

Bartis Widom eigenvalue/eigenvector analysis

Number of sinks in this system: 3

There should be 3 chemically significant eigenvalues (CSEs)

Y_matrix:
{
 -1.797677e-011 -9.299155e-011  2.046833e-016
 -3.454456e-024 -1.318547e-018  1.377145e-028
 -8.276683e-027 -3.825844e-021  3.401343e-031
}

Z_matrix: {
6.461244e-24	-2.456529e-14	5.777157e-28	
5.618812e-06	2.499525e-14	1.000000e+00	
-5.563571e-06	-1.464093e-15	3.126082e-11	
}

Z_matrix^(-1):
{
1.071255e+04	5.618840e-06	-1.797407e+05	
-4.070784e+13	2.499544e-14	-4.727597e-05	
9.573106e-01	1.000000e+00	1.009929e+00	
}

Z_matrix * Z_matrix^(-1) [Identity matrix]:
{
1.000000e+00	-6.322664e-83	-1.872155e-83	
3.846765e-47	1.000000e+00	3.086060e-65	
-3.349254e-47	-1.956137e-65	1.000000e+00	
}

Kr matrix:
{
-8.845569e+04	4.922914e-23	5.991847e-14	
8.157404e+04	-4.762565e-06	1.414401e+05	
3.074999e+03	4.378065e-06	-1.400496e+05	
}

Kp matrix:
{
  3.785485e+003  1.036747e-016  3.231157e-006
  5.367518e-005  1.182715e-028  6.209685e-019
  1.557419e-007  2.935333e-031  1.487837e-021
}

First order & pseudo first order rate coefficients for loss rxns:
{
CH3OCH2 loss = -8.845569e+04
IM1 loss = -4.762565e-06
IM2 loss = -1.400496e+05
}

First order & pseudo first order rate coefficients for isomerization rxns:
{
CH3OCH2 -> IM1 = 8.157404e+04
CH3OCH2 -> IM2 = 3.074999e+03
IM1 -> CH3OCH2 = 4.922914e-23
IM1 -> IM2 = 4.378065e-06
IM2 -> CH3OCH2 = 5.991847e-14
IM2 -> IM1 = 1.414401e+05
}

First order & pseudo first order rate coefficients for irreversible rxns:
{
CH3OCH2 -> OH-1 = 3.785485e+03
IM1 -> OH-1 = 1.036747e-16
IM2 -> OH-1 = 3.231157e-06
CH3OCH2 -> OH-2 = 5.367518e-05
IM1 -> OH-2 = 1.182715e-28
IM2 -> OH-2 = 6.209685e-19
CH3OCH2 -> OH-3 = 1.557419e-07
IM1 -> OH-3 = 2.935333e-31
IM2 -> OH-3 = 1.487837e-21
}


Eq fraction matrix:
{
 -1.6571e+027            1            0
            0 -3.0953e-011            1
            1            1            1
}
inverse of Eq fraction matrix:
{
 -6.0345e-028 -6.0345e-028  6.0345e-028
  6.0345e-028           -1            1
  1.8679e-038            1  3.0953e-011
}
Equilibrium Fraction for CH3OCH2 = 6.03454e-28
Equilibrium Fraction for IM1 = 1
Equilibrium Fraction for IM2 = 3.09535e-11

Bartis Widom eigenvalue/eigenvector analysis

Number of sinks in this system: 3

There should be 3 chemically significant eigenvalues (CSEs)

Y_matrix:
{
 -1.797677e-011 -9.299155e-011  2.046833e-016
 -3.454456e-024 -1.318547e-018  1.377145e-028
 -8.276683e-027 -3.825844e-021  3.401343e-031
}

Z_matrix: {
6.461244e-24	-2.456529e-14	5.777157e-28	
5.618812e-06	2.499525e-14	1.000000e+00	
-5.563571e-06	-1.464093e-15	3.126082e-11	
}

Z_matrix^(-1):
{
1.071255e+04	5.618840e-06	-1.797407e+05	
-4.070784e+13	2.499544e-14	-4.727597e-05	
9.573106e-01	1.000000e+00	1.009929e+00	
}

Z_matrix * Z_matrix^(-1) [Identity matrix]:
{
1.000000e+00	-6.322664e-83	-1.872155e-83	
3.846765e-47	1.000000e+00	3.086060e-65	
-3.349254e-47	-1.956137e-65	1.000000e+00	
}

Kr matrix:
{
-8.845569e+04	4.922914e-23	5.991847e-14	
8.157404e+04	-4.762565e-06	1.414401e+05	
3.074999e+03	4.378065e-06	-1.400496e+05	
}

Kp matrix:
{
  3.785485e+003  1.036747e-016  3.231157e-006
  5.367518e-005  1.182715e-028  6.209685e-019
  1.557419e-007  2.935333e-031  1.487837e-021
}

First order & pseudo first order rate coefficients for loss rxns:
{
CH3OCH2 loss = -8.845569e+04
IM1 loss = -4.762565e-06
IM2 loss = -1.400496e+05
}

First order & pseudo first order rate coefficients for isomerization rxns:
{
CH3OCH2 -> IM1 = 8.157404e+04
CH3OCH2 -> IM2 = 3.074999e+03
IM1 -> CH3OCH2 = 4.922914e-23
IM1 -> IM2 = 4.378065e-06
IM2 -> CH3OCH2 = 5.991847e-14
IM2 -> IM1 = 1.414401e+05
}

First order & pseudo first order rate coefficients for irreversible rxns:
{
CH3OCH2 -> OH-1 = 3.785485e+03
IM1 -> OH-1 = 1.036747e-16
IM2 -> OH-1 = 3.231157e-06
CH3OCH2 -> OH-2 = 5.367518e-05
IM1 -> OH-2 = 1.182715e-28
IM2 -> OH-2 = 6.209685e-19
CH3OCH2 -> OH-3 = 1.557419e-07
IM1 -> OH-3 = 2.935333e-31
IM2 -> OH-3 = 1.487837e-21
}


Eq fraction matrix:
{
 -1.6571e+027            1            0
            0 -3.0953e-011            1
            1            1            1
}
inverse of Eq fraction matrix:
{
 -6.0345e-028 -6.0345e-028  6.0345e-028
  6.0345e-028           -1            1
  1.8679e-038            1  3.0953e-011
}
Equilibrium Fraction for CH3OCH2 = 6.03454e-28
Equilibrium Fraction for IM1 = 1
Equilibrium Fraction for IM2 = 3.09535e-11

Bartis Widom eigenvalue/eigenvector analysis

Number of sinks in this system: 3

There should be 3 chemically significant eigenvalues (CSEs)

Y_matrix:
{
  3.326005e-011  3.410526e-012  2.065735e-016
  3.964143e-023  4.353084e-020  2.974398e-028
  1.005920e-025  1.258091e-022  7.575351e-031
}

Z_matrix: {
-3.075857e-24	2.456530e-14	6.025709e-28	
-5.618770e-06	-2.523283e-14	1.000000e+00	
5.563585e-06	6.965859e-16	3.126051e-11	
}

Z_matrix^(-1):
{
-5.096804e+03	-5.618771e-06	1.797402e+05	
4.070783e+13	-2.523289e-14	2.250554e-05	
9.985360e-01	1.000000e+00	1.009919e+00	
}

Z_matrix * Z_matrix^(-1) [Identity matrix]:
{
1.000000e+00	2.718589e-83	7.961808e-83	
-1.477005e-46	1.000000e+00	9.495568e-65	
8.598806e-47	2.642728e-65	1.000000e+00	
}

Kr matrix:
{
-8.849082e+04	5.242222e-23	2.878307e-14	
8.687032e+04	1.742155e-06	1.419476e+05	
1.476313e+03	4.393771e-06	-1.405534e+05	
}

Kp matrix:
{
  1.388351e+002  1.969289e-017  5.978168e-006
  1.772046e-006  7.470260e-029  7.125160e-018
  5.121415e-009  1.923284e-031  1.808043e-020
}

First order & pseudo first order rate coefficients for loss rxns:
{
CH3OCH2 loss = -8.849082e+04
IM1 loss = 1.742155e-06
IM2 loss = -1.405534e+05
}

First order & pseudo first order rate coefficients for isomerization rxns:
{
CH3OCH2 -> IM1 = 8.687032e+04
CH3OCH2 -> IM2 = 1.476313e+03
IM1 -> CH3OCH2 = 5.242222e-23
IM1 -> IM2 = 4.393771e-06
IM2 -> CH3OCH2 = 2.878307e-14
IM2 -> IM1 = 1.419476e+05
}

First order & pseudo first order rate coefficients for irreversible rxns:
{
CH3OCH2 -> OH-1 = 1.388351e+02
IM1 -> OH-1 = 1.969289e-17
IM2 -> OH-1 = 5.978168e-06
CH3OCH2 -> OH-2 = 1.772046e-06
IM1 -> OH-2 = 7.470260e-29
IM2 -> OH-2 = 7.125160e-18
CH3OCH2 -> OH-3 = 5.121415e-09
IM1 -> OH-3 = 1.923284e-31
IM2 -> OH-3 = 1.808043e-20
}


Eq fraction matrix:
{
 -1.6571e+027            1            0
            0 -3.0953e-011            1
            1            1            1
}
inverse of Eq fraction matrix:
{
 -6.0345e-028 -6.0345e-028  6.0345e-028
  6.0345e-028           -1            1
  1.8679e-038            1  3.0953e-011
}
Equilibrium Fraction for CH3OCH2 = 6.03454e-28
Equilibrium Fraction for IM1 = 1
Equilibrium Fraction for IM2 = 3.09535e-11

Bartis Widom eigenvalue/eigenvector analysis

Number of sinks in this system: 3

There should be 3 chemically significant eigenvalues (CSEs)

Y_matrix:
{
  3.326005e-011  3.410526e-012  2.065735e-016
  3.964143e-023  4.353084e-020  2.974398e-028
  1.005920e-025  1.258091e-022  7.575351e-031
}

Z_matrix: {
-3.075857e-24	2.456530e-14	6.025709e-28	
-5.618770e-06	-2.523283e-14	1.000000e+00	
5.563585e-06	6.965859e-16	3.126051e-11	
}

Z_matrix^(-1):
{
-5.096804e+03	-5.618771e-06	1.797402e+05	
4.070783e+13	-2.523289e-14	2.250554e-05	
9.985360e-01	1.000000e+00	1.009919e+00	
}

Z_matrix * Z_matrix^(-1) [Identity matrix]:
{
1.000000e+00	2.718589e-83	7.961808e-83	
-1.477005e-46	1.000000e+00	9.495568e-65	
8.598806e-47	2.642728e-65	1.000000e+00	
}

Kr matrix:
{
-8.849082e+04	5.242222e-23	2.878307e-14	
8.687032e+04	1.742155e-06	1.419476e+05	
1.476313e+03	4.393771e-06	-1.405534e+05	
}

Kp matrix:
{
  1.388351e+002  1.969289e-017  5.978168e-006
  1.772046e-006  7.470260e-029  7.125160e-018
  5.121415e-009  1.923284e-031  1.808043e-020
}

First order & pseudo first order rate coefficients for loss rxns:
{
CH3OCH2 loss = -8.849082e+04
IM1 loss = 1.742155e-06
IM2 loss = -1.405534e+05
}

First order & pseudo first order rate coefficients for isomerization rxns:
{
CH3OCH2 -> IM1 = 8.687032e+04
CH3OCH2 -> IM2 = 1.476313e+03
IM1 -> CH3OCH2 = 5.242222e-23
IM1 -> IM2 = 4.393771e-06
IM2 -> CH3OCH2 = 2.878307e-14
IM2 -> IM1 = 1.419476e+05
}

First order & pseudo first order rate coefficients for irreversible rxns:
{
CH3OCH2 -> OH-1 = 1.388351e+02
IM1 -> OH-1 = 1.969289e-17
IM2 -> OH-1 = 5.978168e-06
CH3OCH2 -> OH-2 = 1.772046e-06
IM1 -> OH-2 = 7.470260e-29
IM2 -> OH-2 = 7.125160e-18
CH3OCH2 -> OH-3 = 5.121415e-09
IM1 -> OH-3 = 1.923284e-31
IM2 -> OH-3 = 1.808043e-20
}


Eq fraction matrix:
{
 -1.6571e+027            1            0
            0 -3.0953e-011            1
            1            1            1
}
inverse of Eq fraction matrix:
{
 -6.0345e-028 -6.0345e-028  6.0345e-028
  6.0345e-028           -1            1
  1.8679e-038            1  3.0953e-011
}
Equilibrium Fraction for CH3OCH2 = 6.03454e-28
Equilibrium Fraction for IM1 = 1
Equilibrium Fraction for IM2 = 3.09535e-11

Bartis Widom eigenvalue/eigenvector analysis

Number of sinks in this system: 3

There should be 3 chemically significant eigenvalues (CSEs)

Y_matrix:
{
 -3.576991e-011 -3.126724e-013  2.068653e-016
 -5.631711e-023 -3.921138e-021  3.490869e-028
 -1.441860e-025 -1.132493e-023  8.900989e-031
}

Z_matrix: {
1.065221e-24	-2.456530e-14	6.033896e-28	
5.618764e-06	2.480632e-14	1.000000e+00	
-5.563585e-06	-2.412479e-16	3.126048e-11	
}

Z_matrix^(-1):
{
1.765171e+03	5.618765e-06	-1.797402e+05	
-4.070783e+13	2.480633e-14	-7.794045e-06	
9.998936e-01	1.000000e+00	1.009918e+00	
}

Z_matrix * Z_matrix^(-1) [Identity matrix]:
{
1.000000e+00	-9.930378e-84	1.247465e-83	
-3.208598e-46	1.000000e+00	-1.899114e-65	
3.211928e-46	6.996691e-65	1.000000e+00	
}

Kr matrix:
{
-8.849476e+04	5.308490e-23	9.977900e-15	
8.796847e+04	-2.008089e-05	1.420033e+05	
5.117946e+02	4.395496e-06	-1.406087e+05	
}

Kp matrix:
{
  1.272822e+001  5.882664e-018  6.429291e-006
  1.596210e-007  3.265421e-029  1.012245e-017
  4.610134e-010  7.995139e-032  2.591602e-020
}

First order & pseudo first order rate coefficients for loss rxns:
{
CH3OCH2 loss = -8.849476e+04
IM1 loss = -2.008089e-05
IM2 loss = -1.406087e+05
}

First order & pseudo first order rate coefficients for isomerization rxns:
{
CH3OCH2 -> IM1 = 8.796847e+04
CH3OCH2 -> IM2 = 5.117946e+02
IM1 -> CH3OCH2 = 5.308490e-23
IM1 -> IM2 = 4.395496e-06
IM2 -> CH3OCH2 = 9.977900e-15
IM2 -> IM1 = 1.420033e+05
}

First order & pseudo first order rate coefficients for irreversible rxns:
{
CH3OCH2 -> OH-1 = 1.272822e+01
IM1 -> OH-1 = 5.882664e-18
IM2 -> OH-1 = 6.429291e-06
CH3OCH2 -> OH-2 = 1.596210e-07
IM1 -> OH-2 = 3.265421e-29
IM2 -> OH-2 = 1.012245e-17
CH3OCH2 -> OH-3 = 4.610134e-10
IM1 -> OH-3 = 7.995139e-32
IM2 -> OH-3 = 2.591602e-20
}


Eq fraction matrix:
{
 -1.6571e+027            1            0
            0 -3.0953e-011            1
            1            1            1
}
inverse of Eq fraction matrix:
{
 -6.0345e-028 -6.0345e-028  6.0345e-028
  6.0345e-028           -1            1
  1.8679e-038            1  3.0953e-011
}
Equilibrium Fraction for CH3OCH2 = 6.03454e-28
Equilibrium Fraction for IM1 = 1
Equilibrium Fraction for IM2 = 3.09535e-11

Bartis Widom eigenvalue/eigenvector analysis

Number of sinks in this system: 3

There should be 3 chemically significant eigenvalues (CSEs)

Y_matrix:
{
 -3.576991e-011 -3.126724e-013  2.068653e-016
 -5.631711e-023 -3.921138e-021  3.490869e-028
 -1.441860e-025 -1.132493e-023  8.900989e-031
}

Z_matrix: {
1.065221e-24	-2.456530e-14	6.033896e-28	
5.618764e-06	2.480632e-14	1.000000e+00	
-5.563585e-06	-2.412479e-16	3.126048e-11	
}

Z_matrix^(-1):
{
1.765171e+03	5.618765e-06	-1.797402e+05	
-4.070783e+13	2.480633e-14	-7.794045e-06	
9.998936e-01	1.000000e+00	1.009918e+00	
}

Z_matrix * Z_matrix^(-1) [Identity matrix]:
{
1.000000e+00	-9.930378e-84	1.247465e-83	
-3.208598e-46	1.000000e+00	-1.899114e-65	
3.211928e-46	6.996691e-65	1.000000e+00	
}

Kr matrix:
{
-8.849476e+04	5.308490e-23	9.977900e-15	
8.796847e+04	-2.008089e-05	1.420033e+05	
5.117946e+02	4.395496e-06	-1.406087e+05	
}

Kp matrix:
{
  1.272822e+001  5.882664e-018  6.429291e-006
  1.596210e-007  3.265421e-029  1.012245e-017
  4.610134e-010  7.995139e-032  2.591602e-020
}

First order & pseudo first order rate coefficients for loss rxns:
{
CH3OCH2 loss = -8.849476e+04
IM1 loss = -2.008089e-05
IM2 loss = -1.406087e+05
}

First order & pseudo first order rate coefficients for isomerization rxns:
{
CH3OCH2 -> IM1 = 8.796847e+04
CH3OCH2 -> IM2 = 5.117946e+02
IM1 -> CH3OCH2 = 5.308490e-23
IM1 -> IM2 = 4.395496e-06
IM2 -> CH3OCH2 = 9.977900e-15
IM2 -> IM1 = 1.420033e+05
}

First order & pseudo first order rate coefficients for irreversible rxns:
{
CH3OCH2 -> OH-1 = 1.272822e+01
IM1 -> OH-1 = 5.882664e-18
IM2 -> OH-1 = 6.429291e-06
CH3OCH2 -> OH-2 = 1.596210e-07
IM1 -> OH-2 = 3.265421e-29
IM2 -> OH-2 = 1.012245e-17
CH3OCH2 -> OH-3 = 4.610134e-10
IM1 -> OH-3 = 7.995139e-32
IM2 -> OH-3 = 2.591602e-20
}


Eq fraction matrix:
{
 -1.8049e+024            1            0
            0 -2.1803e-010            1
            1            1            1
}
inverse of Eq fraction matrix:
{
 -5.5404e-025 -5.5404e-025  5.5404e-025
  5.5404e-025           -1            1
   1.208e-034            1  2.1803e-010
}
Equilibrium Fraction for CH3OCH2 = 5.54036e-25
Equilibrium Fraction for IM1 = 1
Equilibrium Fraction for IM2 = 2.18033e-10

Bartis Widom eigenvalue/eigenvector analysis

Number of sinks in this system: 3

There should be 3 chemically significant eigenvalues (CSEs)

Y_matrix:
{
 -1.195033e-011 -4.142950e-008 -3.492610e-014
 -4.500847e-024 -1.013097e-015 -1.268627e-026
 -1.064081e-026 -3.057569e-018 -3.012432e-029
}

Z_matrix: {
2.908712e-23	-7.443274e-13	-1.232615e-25	
1.486541e-05	1.629554e-13	-1.000000e+00	
-1.473518e-05	-1.253352e-15	-2.199582e-10	
}

Z_matrix^(-1):
{
1.142756e+02	1.492742e-05	-6.786478e+04	
-1.343495e+12	1.661845e-13	-2.652047e-06	
-2.172310e-01	-1.000000e+00	-1.008838e+00	
}

Z_matrix * Z_matrix^(-1) [Identity matrix]:
{
1.000000e+00	4.004143e-84	2.294909e-82	
2.344971e-48	1.000000e+00	-4.213658e-65	
-2.044073e-47	-1.903681e-65	1.000000e+00	
}

Kr matrix:
{
-7.131734e+04	8.743466e-21	2.146481e-13	
1.530762e+04	-3.993719e-05	1.816468e+05	
1.831010e+02	3.960467e-05	-1.800555e+05	
}

Kp matrix:
{
  5.566032e+004  3.474771e-014  8.110069e-007
  1.361091e-003  1.245072e-026  3.081358e-019
  4.107828e-006  2.945736e-029  7.302451e-022
}

First order & pseudo first order rate coefficients for loss rxns:
{
CH3OCH2 loss = -7.131734e+04
IM1 loss = -3.993719e-05
IM2 loss = -1.800555e+05
}

First order & pseudo first order rate coefficients for isomerization rxns:
{
CH3OCH2 -> IM1 = 1.530762e+04
CH3OCH2 -> IM2 = 1.831010e+02
IM1 -> CH3OCH2 = 8.743466e-21
IM1 -> IM2 = 3.960467e-05
IM2 -> CH3OCH2 = 2.146481e-13
IM2 -> IM1 = 1.816468e+05
}

First order & pseudo first order rate coefficients for irreversible rxns:
{
CH3OCH2 -> OH-1 = 5.566032e+04
IM1 -> OH-1 = 3.474771e-14
IM2 -> OH-1 = 8.110069e-07
CH3OCH2 -> OH-2 = 1.361091e-03
IM1 -> OH-2 = 1.245072e-26
IM2 -> OH-2 = 3.081358e-19
CH3OCH2 -> OH-3 = 4.107828e-06
IM1 -> OH-3 = 2.945736e-29
IM2 -> OH-3 = 7.302451e-22
}


Eq fraction matrix:
{
 -1.8049e+024            1            0
            0 -2.1803e-010            1
            1            1            1
}
inverse of Eq fraction matrix:
{
 -5.5404e-025 -5.5404e-025  5.5404e-025
  5.5404e-025           -1            1
   1.208e-034            1  2.1803e-010
}
Equilibrium Fraction for CH3OCH2 = 5.54036e-25
Equilibrium Fraction for IM1 = 1
Equilibrium Fraction for IM2 = 2.18033e-10

Bartis Widom eigenvalue/eigenvector analysis

Number of sinks in this system: 3

There should be 3 chemically significant eigenvalues (CSEs)

Y_matrix:
{
 -1.195033e-011 -4.142950e-008 -3.492610e-014
 -4.500847e-024 -1.013097e-015 -1.268627e-026
 -1.064081e-026 -3.057569e-018 -3.012432e-029
}

Z_matrix: {
2.908712e-23	-7.443274e-13	-1.232615e-25	
1.486541e-05	1.629554e-13	-1.000000e+00	
-1.473518e-05	-1.253352e-15	-2.199582e-10	
}

Z_matrix^(-1):
{
1.142756e+02	1.492742e-05	-6.786478e+04	
-1.343495e+12	1.661845e-13	-2.652047e-06	
-2.172310e-01	-1.000000e+00	-1.008838e+00	
}

Z_matrix * Z_matrix^(-1) [Identity matrix]:
{
1.000000e+00	4.004143e-84	2.294909e-82	
2.344971e-48	1.000000e+00	-4.213658e-65	
-2.044073e-47	-1.903681e-65	1.000000e+00	
}

Kr matrix:
{
-7.131734e+04	8.743466e-21	2.146481e-13	
1.530762e+04	-3.993719e-05	1.816468e+05	
1.831010e+02	3.960467e-05	-1.800555e+05	
}

Kp matrix:
{
  5.566032e+004  3.474771e-014  8.110069e-007
  1.361091e-003  1.245072e-026  3.081358e-019
  4.107828e-006  2.945736e-029  7.302451e-022
}

First order & pseudo first order rate coefficients for loss rxns:
{
CH3OCH2 loss = -7.131734e+04
IM1 loss = -3.993719e-05
IM2 loss = -1.800555e+05
}

First order & pseudo first order rate coefficients for isomerization rxns:
{
CH3OCH2 -> IM1 = 1.530762e+04
CH3OCH2 -> IM2 = 1.831010e+02
IM1 -> CH3OCH2 = 8.743466e-21
IM1 -> IM2 = 3.960467e-05
IM2 -> CH3OCH2 = 2.146481e-13
IM2 -> IM1 = 1.816468e+05
}

First order & pseudo first order rate coefficients for irreversible rxns:
{
CH3OCH2 -> OH-1 = 5.566032e+04
IM1 -> OH-1 = 3.474771e-14
IM2 -> OH-1 = 8.110069e-07
CH3OCH2 -> OH-2 = 1.361091e-03
IM1 -> OH-2 = 1.245072e-26
IM2 -> OH-2 = 3.081358e-19
CH3OCH2 -> OH-3 = 4.107828e-06
IM1 -> OH-3 = 2.945736e-29
IM2 -> OH-3 = 7.302451e-22
}


Eq fraction matrix:
{
 -1.8049e+024            1            0
            0 -2.1803e-010            1
            1            1            1
}
inverse of Eq fraction matrix:
{
 -5.5404e-025 -5.5404e-025  5.5404e-025
  5.5404e-025           -1            1
   1.208e-034            1  2.1803e-010
}
Equilibrium Fraction for CH3OCH2 = 5.54036e-25
Equilibrium Fraction for IM1 = 1
Equilibrium Fraction for IM2 = 2.18033e-10

Bartis Widom eigenvalue/eigenvector analysis

Number of sinks in this system: 3

There should be 3 chemically significant eigenvalues (CSEs)

Y_matrix:
{
  6.159320e-011 -2.051863e-008 -3.568184e-014
  3.579287e-023 -3.935786e-016 -4.255583e-026
  8.879497e-026 -1.173276e-018 -1.057692e-028
}

Z_matrix: {
-1.669787e-22	-7.443343e-13	-3.408678e-25	
-1.488962e-05	4.607794e-13	-1.000000e+00	
1.476185e-05	-3.726743e-15	-2.199202e-10	
}

Z_matrix^(-1):
{
-3.391725e+02	-1.489787e-05	6.774219e+04	
-1.343482e+12	4.612919e-13	-1.519680e-05	
-6.139988e-01	-1.000000e+00	-1.008655e+00	
}

Z_matrix * Z_matrix^(-1) [Identity matrix]:
{
1.000000e+00	-1.457332e-81	1.412757e-81	
-1.448081e-48	1.000000e+00	5.222562e-65	
-4.348733e-48	7.709390e-65	1.000000e+00	
}

Kr matrix:
{
-7.161639e+04	2.410535e-20	1.393082e-12	
4.335042e+04	-4.338325e-05	1.964584e+05	
6.166201e+02	4.283442e-05	-1.947726e+05	
}

Kp matrix:
{
  2.756642e+004  3.476422e-014  4.172459e-006
  5.287659e-004  4.184103e-026  2.430669e-018
  1.576276e-006  1.039051e-028  6.032996e-021
}

First order & pseudo first order rate coefficients for loss rxns:
{
CH3OCH2 loss = -7.161639e+04
IM1 loss = -4.338325e-05
IM2 loss = -1.947726e+05
}

First order & pseudo first order rate coefficients for isomerization rxns:
{
CH3OCH2 -> IM1 = 4.335042e+04
CH3OCH2 -> IM2 = 6.166201e+02
IM1 -> CH3OCH2 = 2.410535e-20
IM1 -> IM2 = 4.283442e-05
IM2 -> CH3OCH2 = 1.393082e-12
IM2 -> IM1 = 1.964584e+05
}

First order & pseudo first order rate coefficients for irreversible rxns:
{
CH3OCH2 -> OH-1 = 2.756642e+04
IM1 -> OH-1 = 3.476422e-14
IM2 -> OH-1 = 4.172459e-06
CH3OCH2 -> OH-2 = 5.287659e-04
IM1 -> OH-2 = 4.184103e-26
IM2 -> OH-2 = 2.430669e-18
CH3OCH2 -> OH-3 = 1.576276e-06
IM1 -> OH-3 = 1.039051e-28
IM2 -> OH-3 = 6.032996e-21
}


Eq fraction matrix:
{
 -1.8049e+024            1            0
            0 -2.1803e-010            1
            1            1            1
}
inverse of Eq fraction matrix:
{
 -5.5404e-025 -5.5404e-025  5.5404e-025
  5.5404e-025           -1            1
   1.208e-034            1  2.1803e-010
}
Equilibrium Fraction for CH3OCH2 = 5.54036e-25
Equilibrium Fraction for IM1 = 1
Equilibrium Fraction for IM2 = 2.18033e-10

Bartis Widom eigenvalue/eigenvector analysis

Number of sinks in this system: 3

There should be 3 chemically significant eigenvalues (CSEs)

Y_matrix:
{
  6.159320e-011 -2.051863e-008 -3.568184e-014
  3.579287e-023 -3.935786e-016 -4.255583e-026
  8.879497e-026 -1.173276e-018 -1.057692e-028
}

Z_matrix: {
-1.669787e-22	-7.443343e-13	-3.408678e-25	
-1.488962e-05	4.607794e-13	-1.000000e+00	
1.476185e-05	-3.726743e-15	-2.199202e-10	
}

Z_matrix^(-1):
{
-3.391725e+02	-1.489787e-05	6.774219e+04	
-1.343482e+12	4.612919e-13	-1.519680e-05	
-6.139988e-01	-1.000000e+00	-1.008655e+00	
}

Z_matrix * Z_matrix^(-1) [Identity matrix]:
{
1.000000e+00	-1.457332e-81	1.412757e-81	
-1.448081e-48	1.000000e+00	5.222562e-65	
-4.348733e-48	7.709390e-65	1.000000e+00	
}

Kr matrix:
{
-7.161639e+04	2.410535e-20	1.393082e-12	
4.335042e+04	-4.338325e-05	1.964584e+05	
6.166201e+02	4.283442e-05	-1.947726e+05	
}

Kp matrix:
{
  2.756642e+004  3.476422e-014  4.172459e-006
  5.287659e-004  4.184103e-026  2.430669e-018
  1.576276e-006  1.039051e-028  6.032996e-021
}

First order & pseudo first order rate coefficients for loss rxns:
{
CH3OCH2 loss = -7.161639e+04
IM1 loss = -4.338325e-05
IM2 loss = -1.947726e+05
}

First order & pseudo first order rate coefficients for isomerization rxns:
{
CH3OCH2 -> IM1 = 4.335042e+04
CH3OCH2 -> IM2 = 6.166201e+02
IM1 -> CH3OCH2 = 2.410535e-20
IM1 -> IM2 = 4.283442e-05
IM2 -> CH3OCH2 = 1.393082e-12
IM2 -> IM1 = 1.964584e+05
}

First order & pseudo first order rate coefficients for irreversible rxns:
{
CH3OCH2 -> OH-1 = 2.756642e+04
IM1 -> OH-1 = 3.476422e-14
IM2 -> OH-1 = 4.172459e-06
CH3OCH2 -> OH-2 = 5.287659e-04
IM1 -> OH-2 = 4.184103e-26
IM2 -> OH-2 = 2.430669e-18
CH3OCH2 -> OH-3 = 1.576276e-06
IM1 -> OH-3 = 1.039051e-28
IM2 -> OH-3 = 6.032996e-21
}


Eq fraction matrix:
{
 -1.8049e+024            1            0
            0 -2.1803e-010            1
            1            1            1
}
inverse of Eq fraction matrix:
{
 -5.5404e-025 -5.5404e-025  5.5404e-025
  5.5404e-025           -1            1
   1.208e-034            1  2.1803e-010
}
Equilibrium Fraction for CH3OCH2 = 5.54036e-25
Equilibrium Fraction for IM1 = 1
Equilibrium Fraction for IM2 = 2.18033e-10

Bartis Widom eigenvalue/eigenvector analysis

Number of sinks in this system: 3

There should be 3 chemically significant eigenvalues (CSEs)

Y_matrix:
{
 -1.139465e-009 -2.431905e-009  3.665684e-014
 -1.003517e-021 -3.723802e-017  1.108722e-025
 -2.496866e-024 -1.098337e-019  2.829585e-028
}

Z_matrix: {
7.088245e-22	-7.443359e-13	5.288803e-25	
1.489234e-05	7.247202e-13	1.000000e+00	
-1.476586e-05	-1.408201e-14	2.199009e-10	
}

Z_matrix^(-1):
{
1.281259e+03	1.489253e-05	-6.772380e+04	
-1.343479e+12	7.247218e-13	-6.449277e-05	
9.545657e-01	1.000000e+00	1.008566e+00	
}

Z_matrix * Z_matrix^(-1) [Identity matrix]:
{
1.000000e+00	-3.985692e-82	9.742755e-82	
1.495575e-49	1.000000e+00	-1.709202e-64	
3.972487e-49	-1.421707e-65	1.000000e+00	
}

Kr matrix:
{
-7.180549e+04	3.660086e-20	6.255770e-12	
6.605649e+04	-4.388737e-05	2.038537e+05	
2.465451e+03	4.444690e-05	-2.021224e+05	
}

Kp matrix:
{
  3.267215e+003  1.968733e-014  7.716890e-005
  5.002851e-005  9.590035e-026  6.796440e-017
  1.475594e-007  2.456942e-028  1.691044e-019
}

First order & pseudo first order rate coefficients for loss rxns:
{
CH3OCH2 loss = -7.180549e+04
IM1 loss = -4.388737e-05
IM2 loss = -2.021224e+05
}

First order & pseudo first order rate coefficients for isomerization rxns:
{
CH3OCH2 -> IM1 = 6.605649e+04
CH3OCH2 -> IM2 = 2.465451e+03
IM1 -> CH3OCH2 = 3.660086e-20
IM1 -> IM2 = 4.444690e-05
IM2 -> CH3OCH2 = 6.255770e-12
IM2 -> IM1 = 2.038537e+05
}

First order & pseudo first order rate coefficients for irreversible rxns:
{
CH3OCH2 -> OH-1 = 3.267215e+03
IM1 -> OH-1 = 1.968733e-14
IM2 -> OH-1 = 7.716890e-05
CH3OCH2 -> OH-2 = 5.002851e-05
IM1 -> OH-2 = 9.590035e-26
IM2 -> OH-2 = 6.796440e-17
CH3OCH2 -> OH-3 = 1.475594e-07
IM1 -> OH-3 = 2.456942e-28
IM2 -> OH-3 = 1.691044e-19
}


Eq fraction matrix:
{
 -1.8049e+024            1            0
            0 -2.1803e-010            1
            1            1            1
}
inverse of Eq fraction matrix:
{
 -5.5404e-025 -5.5404e-025  5.5404e-025
  5.5404e-025           -1            1
   1.208e-034            1  2.1803e-010
}
Equilibrium Fraction for CH3OCH2 = 5.54036e-25
Equilibrium Fraction for IM1 = 1
Equilibrium Fraction for IM2 = 2.18033e-10

Bartis Widom eigenvalue/eigenvector analysis

Number of sinks in this system: 3

There should be 3 chemically significant eigenvalues (CSEs)

Y_matrix:
{
 -1.139465e-009 -2.431905e-009  3.665684e-014
 -1.003517e-021 -3.723802e-017  1.108722e-025
 -2.496866e-024 -1.098337e-019  2.829585e-028
}

Z_matrix: {
7.088245e-22	-7.443359e-13	5.288803e-25	
1.489234e-05	7.247202e-13	1.000000e+00	
-1.476586e-05	-1.408201e-14	2.199009e-10	
}

Z_matrix^(-1):
{
1.281259e+03	1.489253e-05	-6.772380e+04	
-1.343479e+12	7.247218e-13	-6.449277e-05	
9.545657e-01	1.000000e+00	1.008566e+00	
}

Z_matrix * Z_matrix^(-1) [Identity matrix]:
{
1.000000e+00	-3.985692e-82	9.742755e-82	
1.495575e-49	1.000000e+00	-1.709202e-64	
3.972487e-49	-1.421707e-65	1.000000e+00	
}

Kr matrix:
{
-7.180549e+04	3.660086e-20	6.255770e-12	
6.605649e+04	-4.388737e-05	2.038537e+05	
2.465451e+03	4.444690e-05	-2.021224e+05	
}

Kp matrix:
{
  3.267215e+003  1.968733e-014  7.716890e-005
  5.002851e-005  9.590035e-026  6.796440e-017
  1.475594e-007  2.456942e-028  1.691044e-019
}

First order & pseudo first order rate coefficients for loss rxns:
{
CH3OCH2 loss = -7.180549e+04
IM1 loss = -4.388737e-05
IM2 loss = -2.021224e+05
}

First order & pseudo first order rate coefficients for isomerization rxns:
{
CH3OCH2 -> IM1 = 6.605649e+04
CH3OCH2 -> IM2 = 2.465451e+03
IM1 -> CH3OCH2 = 3.660086e-20
IM1 -> IM2 = 4.444690e-05
IM2 -> CH3OCH2 = 6.255770e-12
IM2 -> IM1 = 2.038537e+05
}

First order & pseudo first order rate coefficients for irreversible rxns:
{
CH3OCH2 -> OH-1 = 3.267215e+03
IM1 -> OH-1 = 1.968733e-14
IM2 -> OH-1 = 7.716890e-05
CH3OCH2 -> OH-2 = 5.002851e-05
IM1 -> OH-2 = 9.590035e-26
IM2 -> OH-2 = 6.796440e-17
CH3OCH2 -> OH-3 = 1.475594e-07
IM1 -> OH-3 = 2.456942e-28
IM2 -> OH-3 = 1.691044e-19
}


Eq fraction matrix:
{
 -1.8049e+024            1            0
            0 -2.1803e-010            1
            1            1            1
}
inverse of Eq fraction matrix:
{
 -5.5404e-025 -5.5404e-025  5.5404e-025
  5.5404e-025           -1            1
   1.208e-034            1  2.1803e-010
}
Equilibrium Fraction for CH3OCH2 = 5.54036e-25
Equilibrium Fraction for IM1 = 1
Equilibrium Fraction for IM2 = 2.18033e-10

Bartis Widom eigenvalue/eigenvector analysis

Number of sinks in this system: 3

There should be 3 chemically significant eigenvalues (CSEs)

Y_matrix:
{
  2.233107e-009 -9.177769e-011 -3.715374e-014
  1.200378e-020 -1.261683e-018 -2.387112e-025
  3.148055e-023 -3.703793e-021 -6.280638e-028
}

Z_matrix: {
-3.503080e-22	-7.443360e-13	-5.531343e-25	
-1.489223e-05	7.501321e-13	-1.000000e+00	
1.476595e-05	-6.948333e-15	-2.198979e-10	
}

Z_matrix^(-1):
{
-6.321938e+02	-1.489223e-05	6.772338e+04	
-1.343479e+12	7.501332e-13	-3.187276e-05	
-9.983722e-01	-1.000000e+00	-1.008552e+00	
}

Z_matrix * Z_matrix^(-1) [Identity matrix]:
{
1.000000e+00	2.650920e-82	-1.836044e-81	
5.003020e-48	1.000000e+00	1.899114e-65	
-4.776133e-49	6.936202e-65	1.000000e+00	
}

Kr matrix:
{
-7.183672e+04	3.904975e-20	3.117821e-12	
7.048249e+04	-3.435202e-05	2.049953e+05	
1.226801e+03	4.469580e-05	-2.032570e+05	
}

Kp matrix:
{
  1.233014e+002  3.897803e-015  1.512335e-004
  1.695046e-006  5.994712e-026  8.129368e-016
  4.975969e-009  1.592454e-028  2.131969e-018
}

First order & pseudo first order rate coefficients for loss rxns:
{
CH3OCH2 loss = -7.183672e+04
IM1 loss = -3.435202e-05
IM2 loss = -2.032570e+05
}

First order & pseudo first order rate coefficients for isomerization rxns:
{
CH3OCH2 -> IM1 = 7.048249e+04
CH3OCH2 -> IM2 = 1.226801e+03
IM1 -> CH3OCH2 = 3.904975e-20
IM1 -> IM2 = 4.469580e-05
IM2 -> CH3OCH2 = 3.117821e-12
IM2 -> IM1 = 2.049953e+05
}

First order & pseudo first order rate coefficients for irreversible rxns:
{
CH3OCH2 -> OH-1 = 1.233014e+02
IM1 -> OH-1 = 3.897803e-15
IM2 -> OH-1 = 1.512335e-04
CH3OCH2 -> OH-2 = 1.695046e-06
IM1 -> OH-2 = 5.994712e-26
IM2 -> OH-2 = 8.129368e-16
CH3OCH2 -> OH-3 = 4.975969e-09
IM1 -> OH-3 = 1.592454e-28
IM2 -> OH-3 = 2.131969e-18
}


Eq fraction matrix:
{
 -1.8049e+024            1            0
            0 -2.1803e-010            1
            1            1            1
}
inverse of Eq fraction matrix:
{
 -5.5404e-025 -5.5404e-025  5.5404e-025
  5.5404e-025           -1            1
   1.208e-034            1  2.1803e-010
}
Equilibrium Fraction for CH3OCH2 = 5.54036e-25
Equilibrium Fraction for IM1 = 1
Equilibrium Fraction for IM2 = 2.18033e-10

Bartis Widom eigenvalue/eigenvector analysis

Number of sinks in this system: 3

There should be 3 chemically significant eigenvalues (CSEs)

Y_matrix:
{
  2.233107e-009 -9.177769e-011 -3.715374e-014
  1.200378e-020 -1.261683e-018 -2.387112e-025
  3.148055e-023 -3.703793e-021 -6.280638e-028
}

Z_matrix: {
-3.503080e-22	-7.443360e-13	-5.531343e-25	
-1.489223e-05	7.501321e-13	-1.000000e+00	
1.476595e-05	-6.948333e-15	-2.198979e-10	
}

Z_matrix^(-1):
{
-6.321938e+02	-1.489223e-05	6.772338e+04	
-1.343479e+12	7.501332e-13	-3.187276e-05	
-9.983722e-01	-1.000000e+00	-1.008552e+00	
}

Z_matrix * Z_matrix^(-1) [Identity matrix]:
{
1.000000e+00	2.650920e-82	-1.836044e-81	
5.003020e-48	1.000000e+00	1.899114e-65	
-4.776133e-49	6.936202e-65	1.000000e+00	
}

Kr matrix:
{
-7.183672e+04	3.904975e-20	3.117821e-12	
7.048249e+04	-3.435202e-05	2.049953e+05	
1.226801e+03	4.469580e-05	-2.032570e+05	
}

Kp matrix:
{
  1.233014e+002  3.897803e-015  1.512335e-004
  1.695046e-006  5.994712e-026  8.129368e-016
  4.975969e-009  1.592454e-028  2.131969e-018
}

First order & pseudo first order rate coefficients for loss rxns:
{
CH3OCH2 loss = -7.183672e+04
IM1 loss = -3.435202e-05
IM2 loss = -2.032570e+05
}

First order & pseudo first order rate coefficients for isomerization rxns:
{
CH3OCH2 -> IM1 = 7.048249e+04
CH3OCH2 -> IM2 = 1.226801e+03
IM1 -> CH3OCH2 = 3.904975e-20
IM1 -> IM2 = 4.469580e-05
IM2 -> CH3OCH2 = 3.117821e-12
IM2 -> IM1 = 2.049953e+05
}

First order & pseudo first order rate coefficients for irreversible rxns:
{
CH3OCH2 -> OH-1 = 1.233014e+02
IM1 -> OH-1 = 3.897803e-15
IM2 -> OH-1 = 1.512335e-04
CH3OCH2 -> OH-2 = 1.695046e-06
IM1 -> OH-2 = 5.994712e-26
IM2 -> OH-2 = 8.129368e-16
CH3OCH2 -> OH-3 = 4.975969e-09
IM1 -> OH-3 = 1.592454e-28
IM2 -> OH-3 = 2.131969e-18
}


Eq fraction matrix:
{
 -1.8049e+024            1            0
            0 -2.1803e-010            1
            1            1            1
}
inverse of Eq fraction matrix:
{
 -5.5404e-025 -5.5404e-025  5.5404e-025
  5.5404e-025           -1            1
   1.208e-034            1  2.1803e-010
}
